812007
280693
233188
244777
236644
248792
243911
240907
238496
247618
255335
247085
266427
243344
234104
248328
240121
244030
240794
255175
273010
243715
249722
235353
244043
250720
243676
251507
265284
305729
255726
261904
274408
280697
259286
277425
270816
294690
258107
258740
253824
254031
250354
255127
249357
275076
258488
274010
251092
264083
248833
278584
275815
269558
272951
248710
272745
247352
265515
293953
258103
256099
257444
254679
250941
268578
261903
263316
274748
252996
261235
263923
277274
257467
327503
268081
260449
264358
247886
250921
248392
253095
249773
263632
262195
275949
255007
247495
280677
274898
277954
250287
259223
262450
246715
249437
269086
301026
259162
260094
281769
256637
257472
278054
251778
249769
283015
250810
252743
262727
260319
262761
252994
261006
246307
252284
255036
248030
247837
251332
252418
248613
259559
264504
255868
248947
247296
290478
258598
261411
249880
252011
295279
268295
262833
251393
272205
280072
265392
248832
266725
251695
285628
288592
255277
289950
271207
265195
261768
266809
275689
284858
289546
282598
290383
267499
301585
295058
254449
263189
268773
258635
252590
250243
267177
250374
247927
259336
255727
256208
257580
280973
299336
274009
352565
286495
289524
283791
256623
287088
267493
259145
295835
262482
257301
268557
272992
264691
252796
263428
256243
278858
253456
279591
250748
249759
265544
266598
294370
268092
286305
253322
262046
250694
289616
276176
286075
264624
274180
278356
294406
273983
288960
264083
249140
250909
258422
250558
274357
266882
286941
256776
265354
265900
280302
266343
249234
270174
251313
273725
250950
254325
286331
249045
251583
261612
264972
303240
256384
288129
263549
269756
276539
265851
249857
267477
259692
251372
250284
264417
284476
289887
277811
256111
271030
253925
272314
298518
312995
273943
300118
273218
310030
261342
298757
252192
285291
262603
292297
252536
279126
291974
251849
298988
294914
267806
282199
294048
254768
283701
274359
282582
277386
269231
249666
259044
278321
289262
303703
261476
285490
271069
283939
285657
252908
308923
264949
295156
263734
265753
283313
268038
250670
280063
253682
274987
253733
248735
280690
247854
298081
267564
266539
277890
291131
257476
246464
286563
250266
291702
245762
252493
270930
282048
283623
252776
298783
267958
276403
261272
269263
251986
258426
300356
256313
268416
265593
274808
253881
263750
281899
265590
279636
247800
264869
254345
251730
255131
252176
284859
247924
255355
265056
261231
252777
271115
254875
258369
269383
254185
259010
273839
271241
269326
262676
271426
255647
254829
286242
269038
253877
298103
264624
251170
263565
281038
256358
268505
257056
258014
254618
249805
256718
254412
252101
247322
247728
280837
268123
248885
263503
254185
256613
250220
263746
256651
269471
248639
249053
255392
269072
257777
277448
258895
260402
247596
254725
268799
254683
247828
281525
267633
253577
263820
269471
262743
266080
251855
260736
260989
255092
253791
254844
248520
246985
257113
250008
282104
250177
273379
251345
248375
247070
272985
249032
248856
257965
259273
249528
252513
258476
279712
256070
260291
247707
260284
263047
252059
246257
267119
295073
248760
263925
257940
273537
248172
267870
258170
252137
247523
251957
260926
260294
256582
255219
252185
261737
271917
311954
284086
247954
249249
266296
254072
256550
261403
256258
254971
251567
267593
271045
259250
262710
255410
248760
273288
262755
263438
281457
282636
251077
269312
250061
279920
253478
267749
250521
250891
251147
250728
247747
249066
250318
251461
248604
260261
273980
250352
262933
252138
251033
271749
255192
250158
268216
247138
247934
249234
266419
262714
262131
263007
255111
258292
263682
274769
252268
250937
287978
275469
281210
260687
289694
271427
275493
262790
259727
266034
259211
251989
258091
269428
257809
249931
274613
282400
269951
267373
264424
279358
261942
262964
273039
257375
251829
268471
287792
278975
281090
279115
263390
256280
251929
277459
251683
267010
276277
279638
284616
264540
272621
291866
277438
250313
259882
249772
252668
247376
251904
258933
328317
264974
274157
282873
261110
268284
262508
275781
254172
252263
261447
250314
254592
253046
270934
279076
267412
267668
247483
249172
