1253298
7330
84558
2038
250746
2005
5241
2681
456117
2045
1736
1684
1649
2662
3204
3398
3417
3126
3248
3624
413470
3316
3657
463634
1732
14707
1921
1542
1588
2225
3678
1919
2240
1605
3831
36971
4292
459399
2796
2429
3066
2520
2369
2587
2226
2122
2111
2653
2772
2546
2428
368417
1608
1756
1792
1799
2015
1827
1851
1802
3534
1608
1935
1783
3479
475999
1674
1815
1559
1590
1537
1546
1541
2487
1591
1529
1544
1802
1564
449136
4490
3809
3937
4444
4374
2900
4009
3718
3944
4304
2693
4990
4266
354634
1550
1705
3577
1571
1555
1542
1665
1716
1553
1654
1596
1679
1699
470383
1704
1810
1569
1517
1574
1710
3667
1535
1635
1854
1563
1790
1987
455175
2303
1747
1521
1526
1621
1583
1611
1583
1518
1527
1554
1582
1548
455551
2162
2365
2446
2566
2450
2563
2782
2214
2566
2730
2573
2450
2168
355310
1566
1539
1557
1542
1662
1614
1555
1550
1611
1527
1615
1724
1542
462979
1814
4425
1577
1549
1555
1522
1668
1843
1537
1766
1643
1549
2049
447490
2056
2325
2476
2184
2615
2264
2517
2590
2294
2368
2412
2033
2201
451955
1828
3151
1917
1515
1735
1541
1879
1516
1533
1557
2824
1540
1575
445337
3569
2706
3293
3425
3504
3019
3388
3629
3650
3408
3489
3032
3229
334847
1966
1575
1556
1600
1574
1532
1543
1820
1553
1544
1561
1587
1564
449960
1935
1554
1532
1549
1554
1606
1688
1550
1656
1514
1546
1539
1818
448817
2079
1556
1521
1798
1707
1553
1905
1858
1613
1534
1540
1541
1837
464438
4819
35536
1637
1578
1708
1520
1511
2141
1552
1533
1858
1883
1654
445790
4043
2950
3493
3351
3759
3271
2765
3943
3157
3614
3585
3414
3783
420011
1517
1522
3102
1535
1526
1586
1556
2018
1633
1860
1920
1572
1549
453095
1517
1509
1528
1530
1529
1668
1538
1528
1663
1546
1595
3783
1539
448892
1857
1588
1777
1612
1787
1584
1604
1651
1664
1748
1592
1738
1727
481739
3713
1568
1590
1582
1554
1531
1627
1635
1514
1641
1542
1615
1583
472598
1603
1552
1502
1533
1602
1594
1500
1594
1649
1555
1537
1709
1538
431627
4075
4068
4248
4806
4788
3714
4356
4840
2340
4520
4788
2655
5407
330179
1718
1563
1517
1894
1509
1533
2393
1644
1544
1741
1584
1908
1772
453167
460675
4961
6066
8128
1759
1612
1502
5080
1541
1495
1582
1854
93456
446097
1725
2125
2446
2440
2739
2493
2191
2127
2293
2220
2292
1997
2353
371613
1560
1657
1546
1550
1591
2444
1530
1610
1529
1570
1567
1629
1581
481142
74638
1531
1771
1539
1565
1534
1548
1561
1567
1561
1577
1533
1545
465853
1806
2185
2101
2214
2086
2008
1994
2225
2077
2154
369563
1510
1593
448418
1696
1704
1651
1598
1563
1540
1517
1532
1549
1791
1518
1509
1516
454256
1662
1595
1521
1569
1539
1537
1577
1514
1507
1520
1528
1533
1709
446295
1517
1558
1646
1504
1517
1514
1515
1518
1812
1515
1502
1504
1563
437077
2518
2446
2130
2101
2572
1944
2508
2235
2530
2344
2654
2652
2274
443295
1800
1850
63785
1561
1519
1578
2111
1535
1517
1499
1523
1614
1698
433629
1520
1510
1730
1566
1504
1540
1538
1597
1731
1580
1533
1522
1503
437658
1695
1726
1538
1671
1580
1519
1593
1530
1612
1557
1752
1612
1524
453309
4044
3660
1641
1530
1941
1634
1531
1535
1534
1874
1584
3239
1604
446306
2199
2725
2316
2231
2336
2248
2250
2288
2431
2073
2421
2268
2643
456939
1797
1691
1586
1555
1658
1557
1575
1596
1539
1531
1547
1560
1523
440237
2131
2262
