1248048
73762
79463
2064
65238
2660
1864
2365
3525
205620
4627
3408
1732
2187
3842
3249
3286
3707
3419
3328
440573
6127
5689
453585
2005
66096
1561
1570
1602
1985
2756
1650
1562
1557
1548
1644
1724
441741
2376
3512
4488
3922
3679
3087
2598
3651
3540
3812
3318
3972
4523
365760
1645
1600
2804
1624
1611
1591
1694
1612
1974
1601
1626
1594
2051
447767
1534
1713
1621
1535
1530
1528
1542
1541
1971
1552
1539
1540
1591
451668
1839
1556
1537
1535
1536
1539
1847
1583
1689
1618
1580
1645
1760
448712
5124
1595
1516
1531
1712
1528
1531
1524
1534
1580
1644
1565
1531
43628
1575
1732
1614
1520
1519
1584
1530
1744
427461
1543
1688
1522
1526
443868
2758
4134
6040
4863
6055
5779
6466
5524
6190
6541
5917
6047
4897
452419
2158
2660
2575
2346
2037
2246
2450
2807
2492
2221
2240
2697
2146
181436
1548
1543
1539
1716
1623
1560
1556
1607
1564
1701
1624
1606
1543
451375
1538
1535
1696
1537
1526
1531
1534
1536
1816
1833
1552
1574
1563
459616
1770
1887
35307
1518
1520
1729
1580
1533
1510
1551
1543
2564
1564
437629
1714
1532
1507
1586
1556
1546
2584
1540
1540
1568
1614
1596
1663
440771
1559
1574
1540
1537
1662
1585
1509
1524
1549
1529
1547
1686
1542
437350
2336
2165
2440
2385
2563
2091
2169
2694
2337
2409
2229
2646
2490
441310
1535
1553
1544
1531
1758
1602
1528
1532
1683
1552
2588
1593
1545
440220
1879
1634
1546
1732
1548
1557
1637
1629
1593
1788
1532
1523
1565
442860
2183
2110
1985
2049
1834
2260
2114
1911
1928
2058
2255
2008
1931
305655
1590
1580
1539
1539
1532
1620
1710
1540
3875
1563
1716
1537
1528
441895
3133
5640
3219
5683
3765
4919
4525
5435
7178
5720
7618
4675
6402
114318
1524
1658
1507
1517
1517
1523
1529
1746
1635
1573
1556
1551
1615
438174
1563
1592
1856
1548
1518
1511
1512
1546
1776
1524
1535
1548
1574
442571
6347
1727
1516
2040
1537
1518
1536
1522
1528
1680
1544
1570
1524
444300
4154
5009
4187
3832
3700
3661
3393
3197
3652
4263
3279
3969
4320
452434
64868
1524
1664
1525
1527
1528
1525
1548
3065
1553
1535
1513
1518
435064
1514
1533
1525
1526
1654
1725
1517
1574
1585
1535
1570
1575
1513
438081
2170
1927
2049
2136
2394
2081
2083
1992
2054
2115
2136
2163
2071
443913
1750
1579
1583
1651
1743
1528
1628
1619
1549
1530
1595
1558
1575
433362
3626
3152
2567
2644
2928
3191
2326
2838
2887
3285
3170
3192
3508
337923
1526
1587
1517
1870
1572
1609
1536
1550
1615
1724
1671
1557
1541
436216
1923
1524
1504
1526
2572
1929
1554
1594
1539
1542
1539
2207
1590
457217
5466
6212
1520
1531
1508
1509
1618
1558
1506
1647
1518
1510
1534
161476
1527
1518
1506
1525
1538
1633
1603
1514
1513
1528
1538
1516
1726
444815
1524
1515
1728
1553
1517
1526
1507
1521
1616
1697
1526
1526
1553
445629
1567
1527
1582
1532
1521
1677
1514
1515
1509
1526
1529
1799
1550
441919
1526
1511
1515
1722
1572
1520
1515
1538
1529
1528
1897
1544
1556
443716
1698
1637
1571
1519
1528
1570
1671
1740
1525
1512
1522
1524
1521
437371
10347
4929
4344
7578
4928
7039
6666
9238
8637
6481
8947
6255
6605
361855
2088
1533
1567
1531
2311
1712
1579
1551
1602
1575
1523
1537
1786
435297
1526
1751
1545
1524
1543
1521
1528
1658
1746
1532
1609
1581
1575
448437
4358
67044
1495
1662
1536
1535
1526
1571
1588
3167
1552
1537
1540
442640
1612
1775
