1398637
12723
68390
2018
278085
8680
1922
2547
469098
2340
1806
1896
1874
2453
3530
3664
3437
3559
3566
3495
424511
4160
6025
457850
68983
1593
1532
1765
1682
3936
1624
1636
1548
1565
1684
1538
1909
454935
2226
2027
2131
2033
2122
1964
2074
2046
2071
2118
2161
2108
2164
340506
1624
1745
1627
1710
1945
1662
1607
2518
1568
1607
1636
1614
1644
436126
1545
1529
1769
1543
1536
1582
1547
1627
2865
1545
1546
1562
1560
436468
1590
1523
1546
1733
1588
1560
1536
1605
1712
2707
1612
1610
1622
446185
4820
7001
14117
12921
12921
14075
13940
14210
16523
5526
6271
16022
17551
101274
1898
1513
1515
1535
1569
1567
3419
1653
1606
1585
1587
1664
1603
471697
1749
1793
1597
1631
1824
1738
1553
39837
1578
1618
1852
1595
1573
450321
2848
3177
3111
3183
3539
3370
3257
3133
3008
3703
3207
3777
3536
466961
1957
1791
1957
1776
1800
1865
1826
1787
1975
1807
1751
1807
1912
68118
1569
1679
1566
1529
1521
1541
1672
3334
1564
1585
1545
1534
1528
450109
1792
1529
1534
1532
1529
1557
1636
1596
1632
1543
1548
1542
1762
453216
1583
1544
1529
1562
1711
1538
1530
1537
1600
1535
1636
1626
1543
448845
1648
1535
1521
1534
1775
1607
1565
1550
1586
1561
1747
1598
1565
472954
1883
1670
1573
1534
1520
1547
1529
1519
1684
1529
1540
1530
1569
459615
1621
1883
1609
1554
1562
1672
1600
1661
1625
1597
1601
1624
1580
441667
2490
2623
2835
3063
3037
2692
2546
2428
2658
2841
2585
2609
2244
344886
1834
1581
1549
1542
1561
1528
1647
1566
1594
1545
1539
1574
1727
452590
1529
1525
1514
1539
1553
1767
1545
1525
1633
1574
1585
1670
1565
441869
1545
1525
1680
1596
1547
1541
1546
1543
1546
1765
1550
1628
1544
469051
1852
1716
1701
1711
1579
1573
1567
1577
1601
1756
1578
1560
1567
448363
1568
1562
1593
1738
1561
1559
1668
1577
1624
2624
1557
1520
1533
437333
7935
3688
7037
6860
7208
7345
8208
8727
7333
8009
7233
10422
3953
391907
2585
1533
1524
1533
1530
1676
1676
1562
1549
1536
1563
1544
1779
458726
2181
2412
2017
1948
2323
2201
1953
2072
2292
2125
2331
2184
2333
166404
1540
1516
1534
1678
1548
1525
1540
1517
1639
2035
1640
1509
1526
460191
2352
63237
1551
1518
1836
1597
1616
2669
1567
1508
1520
1530
1596
434265
1566
1556
1561
1727
1585
1603
1609
1555
1566
1636
1642
1592
1649
461013
8030
6024
3969
3484
7161
8144
3126
6436
8798
7954
8734
7047
7899
462145
1732
1536
1515
1748
1525
1522
1528
1514
1529
1681
1540
1540
1527
450583
1606
1623
1800
1529
1566
1560
1540
1557
1731
1596
1515
1559
1553
457807
2725
2483
2914
2482
1949
2829
2635
2895
3162
2712
2573
2541
2536
464011
1663
1598
1580
1672
1678
1565
1553
1570
1578
1570
1742
1544
1518
458792
1748
1524
1509
1538
1622
1563
1508
1511
1697
1531
1589
1633
1520
451057
2542
68207
1597
1544
1516
1646
1584
1547
1511
1514
1539
1729
1532
444367
1580
1594
1754
1621
1546
1545
1568
1557
1761
1604
1574
1580
1635
453508
1653
1589
1530
1533
1531
1697
1583
1573
1599
1530
1529
1735
1636
479922
1638
1567
1567
1567
1654
1716
1606
1540
1654
1543
1540
1580
1703
450769
2059
2026
1878
2418
2106
1967
1908
2078
2022
1860
1949
2135
2113
451422
1620
1582
1594
1586
1565
1724
1562
1554
1545
1614
1581
2096
1520
440482
2640
2175
2774
2204
2351
2748
2924
2200
2409
2281
2842
2462
2406
457690
1717
1598
