1399821
40589
75827
2463
282669
5820
1754
2757
456858
444517
2464
2616
2773
3294
3657
3259
3083
3300
3388
3219
240506
4332
3210
450756
1883
1704
1518
1577
1568
1926
3689
1584
1524
1536
1524
1582
1847
448881
4482
4569
4683
3809
5325
5404
3506
5768
4482
4454
4934
4292
5087
373307
1677
1572
1598
1717
436135
3232
3087
3103
2782
3328
3036
2981
2989
447720
1996
1591
1533
1523
1536
1532
1994
1564
1529
1513
1540
1529
1729
434174
1967
2280
1955
2277
2109
2285
2475
2710
2257
2140
2228
2295
2480
380216
1546
1547
1529
1557
436200
1610
1615
1669
1521
1569
1529
1625
1567
450834
1909
1533
1511
1542
1566
1689
1572
1555
1513
1513
1523
1531
2016
451153
2146
1936
2008
1791
2126
2062
1916
2015
2008
1955
2077
2182
2200
442521
1758
1600
1549
1587
1763
1714
1708
1646
1535
1638
1603
1551
1518
431929
1513
1537
1548
1744
1531
1537
1529
1515
1561
1617
1525
1602
1535
442127
8177
7634
7992
8104
7081
9075
9446
9970
11353
9809
10194
10603
5543
295380
1565
1858
1571
1614
1561
1566
1597
2088
1617
1581
1601
1571
1623
442643
9267
1516
1512
1532
1515
1581
2578
1730
1527
1522
1591
1635
2200
439244
1708
1509
1501
2422
2695
1557
1530
1525
1516
1544
1708
1653
1619
441259
1724
1557
1509
1724
1513
1509
1525
1511
1527
1752
1526
1528
1536
448056
2462
1538
1605
2022
1507
1713
1597
1517
1588
2576
1532
1549
1585
440604
2464
3427
3611
3665
2682
3487
3206
3796
2756
3411
3675
3005
3572
337209
1546
1668
1544
1524
1513
1538
1521
1535
1764
1524
1557
1527
1540
437010
1531
1511
1504
1739
1526
1511
1519
1524
1663
1735
1660
1548
1573
457945
2556
2531
3145
3001
2374
2220
3229
3009
3390
2995
3184
3714
2535
112430
1546
1500
1501
1528
1771
1516
1501
1550
1563
1536
1710
1564
1515
454601
70984
1598
1675
1516
1501
1518
1510
1520
1633
1523
1503
1531
1511
45517
1534
1550
1543
1564
1679
1660
1521
1542
2006
1544
1953
1566
1534
451991
1530
1520
1685
1527
1500
1509
1503
1540
1789
1721
1510
1512
1510
441236
1786
1716
1499
1504
1582
1529
1513
2029
1520
1507
1513
1527
1517
450749
2323
3449
3561
2579
1606
1533
1518
1520
1540
1638
1556
1518
1703
445996
2277
34667
3011
1629
1528
1514
1513
1520
1865
1502
1511
1508
1505
445392
2233
2350
2282
2496
2322
2219
2346
2159
2154
2330
2169
2112
2813
314958
1523
1690
1527
1513
1501
1605
1529
2593
1569
1522
1524
1535
1557
450531
1985
1562
1513
1520
1527
1520
1525
1756
1611
1510
1521
1530
1536
437015
1534
1642
1625
1530
2344
1578
1532
2705
1551
1518
1563
1543
1546
456170
2117
2160
2271
2219
2324
2168
2176
2104
2060
2060
1931
2154
2186
86261
1598
1543
1509
1502
1502
1511
1781
1545
1506
1520
1516
1557
1557
443093
1514
1512
1506
1546
1694
1552
1507
1630
1601
1523
2103
1548
1545
443173
2102
2110
2083
1922
1846
2033
1983
1874
1869
2032
2387
2040
2025
45199
2468
1551
1507
1506
1508
1504
1514
1714
1517
1520
1518
1519
1521
443809
1973
1805
1877
6242
1497
1525
1554
1957
1499
1507
1585
1511
1502
394328
1549
1537
1507
1504
1642
1511
1506
1551
1632
1528
1639
1546
1511
438002
1554
1518
1520
1527
1512
2088
1540
1556
1527
1532
1554
1690
1548
446516
3077
36393
2230
1541
1506
1506
1521
1508
1645
2632
1559
1601
1527
436124
2849
2878
2383
2750
2673
2797
2642
2462
2355
2720
2701
2410
3115
362475
1724
1529
