1415906
12135
98367
2038
282664
2311
4497
2814
464271
2022
1723
1660
1666
2340
3501
3561
3367
3463
3763
3530
397257
4101
3409
449894
4505
11327
5639
6440
7980
9441
9794
10150
13397
6713
9202
12665
10876
159342
1577
1711
1822
2795
1641
1701
1648
1569
1641
1800
1631
1673
1568
451648
1626
1664
1578
1555
1558
1568
1571
1738
1605
1554
1595
1633
1783
465138
6409
66463
1690
1550
1718
1562
1521
1541
1536
1628
2936
1529
1522
455309
1741
1617
1633
1601
1612
3035
1545
58631
1691
1560
1578
1546
2909
449227
1754
1855
1768
1780
1933
1915
1776
1788
1930
1840
1956
1940
1737
349500
1561
1625
1531
1690
1528
1545
1545
1537
1597
1780
1594
1545
1551
451373
1578
1660
1632
1535
1568
1738
1573
1912
1572
1581
1585
1572
1568
461736
5970
1543
1630
3016
1521
1546
1655
1533
2817
1560
1518
1550
1534
449460
2629
2014
2505
2614
2545
2659
2600
2709
2854
2335
2766
2698
2406
391517
1599
1568
1550
1599
1554
1639
1714
1583
1585
1573
1559
1799
1613
459945
1665
1569
1567
1567
1736
1628
1595
1540
1525
1560
1729
1549
1718
442861
2401
2195
2159
2240
2415
2401
2555
2366
2153
2173
2299
2185
2563
409911
1582
1804
1607
1561
1522
1544
1659
2601
1601
1569
1559
1558
1560
442954
8821
1674
1595
1579
1560
1536
1805
1622
1531
1533
1650
1564
1694
437922
1840
1952
2106
2002
1814
1969
1867
1926
2146
2145
2174
2172
2276
402813
1576
1667
1675
1592
1698
1547
1622
2482
1603
1545
1540
1544
1595
449755
1742
1563
1537
1530
1522
1538
1678
1651
1571
1525
1564
1568
1519
444471
4919
2842
1558
1578
1600
1554
1547
3284
1597
1611
1583
1564
1557
237911
1542
1732
1526
1529
1513
1533
1684
2084
1527
1564
1538
1540
1540
434611
1570
1528
1537
1683
1569
1557
1549
1541
1585
1536
1685
1547
1527
457747
1647
1541
1767
1630
1713
1616
1539
1552
1677
1653
3880
1593
1544
66205
1562
1552
1531
1728
1598
1692
1626
1628
1682
1574
1629
1822
1593
452682
1544
1538
1723
1555
1531
1574
1560
1839
1843
1589
1574
1606
1561
452881
1805
1574
1524
1535
1540
1537
1679
1625
1627
1539
1537
1529
1666
453177
1516
1529
1537
1530
1913
1547
1559
1511
1661
1640
3881
1543
1547
449665
1572
1587
1671
1545
1533
1651
1560
1590
2685
1537
1517
1537
1544
437551
1552
1559
1678
1681
1532
1542
1608
1576
1538
1751
1535
1526
1579
438739
1514
1528
1539
1713
1528
1507
1529
1578
1539
2291
1602
1567
1578
462919
2064
1660
1574
2091
33514
3253
35932
3747
1584
1533
1525
1525
1662
455098
1595
1536
1606
1550
1563
1559
1515
1515
1515
1698
1512
1504
1517
457881
2703
1554
1515
1842
1945
1510
1536
1526
1548
1696
1514
1533
1520
436864
2982
3729
3098
3254
3557
2554
3035
3683
4582
2882
4784
2690
2618
308616
1552
1512
1540
1762
1538
1525
1546
1527
1629
1672
1605
1528
1535
445808
5438
4432
3968
3413
2842
4988
4692
4644
4617
4881
2647
4314
4465
64462
1594
1515
1524
1526
1516
1521
1777
1519
1583
1527
1507
1573
2113
447209
5095
1875
1509
1535
1675
1616
1549
1554
1539
1555
1532
1909
1531
441244
1537
1524
1532
1701
1543
2295
1510
1610
1526
2956
1510
1517
1525
444437
5264
6253
7352
6721
5314
4847
6463
4431
4375
5592
6560
4636
6097
458338
2696
2351
2260
2260
2048
1514
1528
1506
1698
1509
1520
1507
1523
445414
1710
1591
1521
1532
1690
1550
1502
1620
1526
1506
1568
1592
1512
448594
1797
1819
