1259494
38446
79072
2089
48952
5075
2019
2591
226035
1945
1691
429083
2268
2647
3671
3985
4122
3972
3863
4001
438643
4623
4655
447470
2000
3086
1587
1569
1689
1995
4000
1932
1607
1552
1618
2393
2052
457331
37647
3473
1525
1519
1559
1657
3601
1534
2479
1561
3489
1558
1595
457421
1693
1520
1514
1521
1695
1566
1531
1518
1534
1597
1631
1706
1673
445860
4015
2840
3365
3611
2865
3341
3533
3116
4604
4149
3447
3641
4081
341531
1605
1677
1569
1578
1597
1643
1608
1748
1665
1584
1605
1599
1587
451657
1597
1552
1550
1549
1582
1552
1850
1635
1560
1532
1530
1563
1839
445255
1538
1552
1956
1539
1545
1543
1546
1593
1705
1600
1639
1609
1754
466942
1800
1648
1753
36038
1575
1651
4964
1522
1617
1566
4173
1571
1540
442669
2807
4724
4379
4078
4472
4842
4930
3146
2708
2588
3674
3560
2438
340051
1788
1708
1666
1541
1539
1563
1559
1715
1541
1558
1535
1639
1557
452660
1542
1524
1535
1534
1552
1785
1527
1538
1660
1551
1609
2237
1539
445255
38426
1551
1798
1646
1551
1610
1617
1543
1731
1685
1522
1544
1562
75126
1518
1544
1564
1527
1649
2704
1543
1635
1526
1544
1607
1583
1536
437306
1570
1534
1527
1557
1542
1540
1671
1671
1536
1606
1582
1552
3880
461246
44204
1916
1673
1515
1544
1579
1542
2752
1568
1545
1541
1604
1559
443453
1550
1502
1513
1536
1609
1571
1544
1567
1545
1535
1562
1776
1523
439219
2162
2270
2071
2334
2074
2265
2168
2410
2571
2305
2098
2300
2221
347680
3408
1513
1519
1526
1519
1655
1630
1584
1527
1543
1546
1551
1751
459627
1630
1534
1511
1585
1593
1603
2150
1509
1569
1556
1532
1566
3365
450005
2376
2069
2398
2396
2159
2327
2374
2279
2311
2408
2150
1906
2435
389563
1536
1542
1532
1556
1803
1529
1549
1564
1576
1531
1644
1580
1536
452277
1532
1534
1646
1684
1546
1527
1536
1562
1723
1631
1554
1535
1537
437788
1532
1528
1526
1574
1829
1548
1531
1541
2010
1680
2611
1540
1537
450777
1541
1736
1588
1540
1523
1510
1589
1570
3711
1531
1519
1533
1549
442407
1558
1553
1657
1542
1545
1624
1727
1559
1568
1592
1721
3385
1650
467100
1876
1533
1515
1598
1638
1684
1545
1510
1556
1556
1579
3978
1542
449128
1537
1550
1514
1595
1589
1552
1504
1505
1528
1539
1694
1535
1536
458071
1908
2052
1896
2295
1941
2091
1993
2052
2308
2006
1835
1984
2081
420424
1821
1516
1520
1546
1552
1539
2622
1657
1529
1576
1535
1588
1710
458069
5310
2945
4850
4304
4222
3873
4511
3902
4958
4029
2540
3833
5356
101377
1499
1518
1549
1900
1587
1569
1577
1521
1573
1685
1596
1520
1524
446534
442019
1854
1533
1576
1667
1500
1504
1502
1532
1550
1572
1647
1515
435134
1605
1635
1491
1512
1518
1512
1539
1641
1550
1544
1529
1543
1534
458250
271530
1586
1737
1539
1518
1524
1562
1528
1657
1529
1526
1564
1575
457964
7008
5248
7571
4317
9877
8458
7640
6909
8819
9529
3901
7476
4271
430966
1532
1687
1589
1521
1514
1596
1611
2097
1598
1528
1523
1533
1531
435026
1543
1531
1523
1527
1536
1716
1550
1581
1654
1547
1603
2482
1604
447045
3621
1571
1538
1721
1655
1501
1505
1508
1518
1971
2085
1536
1527
436184
2223
2306
2710
2581
2344
2692
2740
2433
2631
2670
2665
2467
2509
441448
1543
1608
2736
1590
1514
1521
1600
1583
1719
1537
1536
1524
1540
443368
1999
1577
1516
1553
1535
1728
1622
1530
1526
1538
1539
1537
1758
447153
2331
2495
