1407001
12447
68446
2148
296453
2037
2052
2501
3573
459061
1775
1700
1689
2136
3303
3414
3193
3382
3403
3357
378033
444820
2128
2779
2497
2217
2654
2267
2791
2601
2646
2949
2684
2201
3699
434008
1825
1606
1577
1588
1570
1574
1836
1682
1569
1602
1745
1596
1776
465267
2012
4658
1513
1513
1543
1544
2062
1595
1539
1525
1543
1540
1725
104801
1692
1587
3712
1537
1569
1563
1670
2901
1538
1525
1537
1533
1563
457406
1798
1715
1535
1748
1709
1696
1718
1691
1728
1543
1536
1551
1577
449794
1614
1655
1525
1512
1527
1579
1547
1734
1523
1525
1544
1537
1519
452809
1560
1533
1541
1542
1549
1682
1554
1518
1517
1528
1520
1773
1573
456850
3660
4182
6791
7942
9794
7541
9645
6889
4650
7647
4312
11332
8197
433660
1587
1589
1749
1614
1587
1610
1589
1655
3277
1579
1585
1576
1571
461586
3226
4061
5999
3135
4103
5843
6185
5934
5491
6138
3516
6157
7181
142090
3392
1519
1528
1536
1525
1594
1565
1571
1530
1543
1537
1575
1699
456716
1608
2538
1520
1517
1573
1542
2243
1542
1522
1543
1516
1535
1544
449187
3675
4110
3772
2898
3108
4165
3513
4502
3840
3401
2315
3670
3723
346879
1511
1548
1537
1576
3350
1550
1602
1578
1588
1600
1627
1551
1548
456506
1709
1542
1527
1526
1625
1691
1524
1533
1560
1599
1540
1649
1598
448654
3412
3355
3375
2254
2082
2219
2351
2063
2160
2267
2309
2213
2183
391394
1525
1651
1573
1594
1597
3419
1563
1534
1601
1654
1758
1592
1525
455991
9174
11236
11220
5136
5325
4186
5631
10393
8976
10212
9934
7350
11000
461592
4354
11346
1530
3762
1522
1527
1598
1548
1685
1579
3654
1558
43493
447011
2188
1987
2313
2275
2159
2219
2339
2508
2405
2386
2455
2401
2421
306957
1526
1527
1582
1702
1556
1541
1528
1629
1562
1599
1538
1568
1536
464204
7784
1528
1664
1551
1516
1515
1513
1589
1548
1871
1526
1507
1543
444775
4964
4773
5018
4407
4686
4228
2582
5731
4769
5020
4900
6033
4395
293432
1512
1519
1794
1555
1580
1518
1528
1547
1844
1651
1546
1539
1539
459317
3442
3441
5033
5330
7621
6143
7384
4652
7403
5786
6821
3390
7860
464683
4808
2380
1615
1576
1516
1518
1551
1705
1506
1512
1598
1597
1515
447867
1511
1591
1583
1564
1597
1514
1519
1506
1742
1529
1527
1525
1511
459372
2786
2634
2501
2693
2630
2897
2358
2405
2705
2703
2564
2837
2437
464923
2284
3418
1540
1615
1545
1533
1515
1599
1526
1512
1503
1536
1523
457874
1820
1710
1879
1539
1508
1517
1527
1523
1617
1542
1549
1524
1499
449631
4256
2505
4468
3809
4726
5600
5231
6137
4630
4529
4674
3969
4392
309461
1538
1531
1614
1860
1558
1523
1537
1522
1590
1723
1576
1527
1585
458539
3228
2958
2956
3246
2959
1639
2634
3440
3929
3260
3251
2913
2298
173554
1539
1548
1788
1549
1524
1525
1540
1546
1761
1548
1508
1516
1555
447109
2153
2737
2645
2985
2992
2895
2779
2490
1956
2977
2771
2234
2525
94001
1503
1505
1566
1517
1660
1583
1515
1520
1509
1512
1508
1810
1718
450458
4123
3000
1553
1539
1515
1520
1519
1564
1780
1546
1503
1670
1537
448971
1609
1594
1594
1541
1590
1556
1515
1539
1650
1539
1515
1502
1504
457465
1538
1499
1570
1565
1517
1517
1506
1515
1509
1506
1672
1532
1559
455785
4929
4552
4921
5020
4160
5497
4499
5051
3313
5700
5896
4303
4767
463334
1585
1492
1615
1552
1512
1519
1528
1523
1680
1589
1497
1496
1527
447385
1529
1512
1603
1611
