1453165
11707
85739
3367
257366
2416
2059
2882
466371
1987
1907
2252
1909
2570
3834
3734
3568
3692
3704
422908
4017
4234
4493
474981
1986
1858
1614
3008
35252
1960
2570
2055
1533
1567
1577
3253
1831
456201
1936
1947
2000
2002
2132
1997
2057
1981
1982
2216
1896
1910
1970
468108
1534
1534
1571
1884
1621
1617
1595
1610
1652
1763
1687
1621
1953
467260
1889
1620
1744
1700
2720
1582
1639
1790
1641
1739
1611
1699
1614
467150
1529
1537
1866
2616
1756
1549
1532
1711
1585
2643
1530
1604
1612
469470
1544
1530
2072
1518
1532
1543
1576
1702
1873
1727
1589
1571
1592
469787
3906
7945
30724
12514
11996
9764
22769
11570
35880
14861
13092
34965
11639
133608
1619
1876
2546
1967
1617
2207
1666
1599
1869
2042
2753
1608
1973
504843
2030
1539
1551
1907
1682
1567
1772
1518
1615
2257
1508
1541
1618
465587
3244
2277
2371
2726
3058
4067
2995
2665
2845
2640
2979
2882
3034
481191
1710
1645
1534
1551
1514
1917
1602
1528
1515
1604
1542
1798
1694
477475
2076
2131
1900
2037
2361
2148
1961
1868
2155
2049
1966
2315
2031
498185
1547
1528
1510
1707
1711
1534
1672
1604
1514
1739
1527
1523
1545
447936
1609
1764
1614
1681
1602
1683
1730
1693
1604
1587
1671
1583
1538
451312
2095
1840
2072
1706
1846
1891
1847
1839
1778
1935
1770
1733
1929
478617
1819
1587
1640
1614
1537
1545
1722
1530
1515
1541
1517
1511
1651
469279
1937
1692
1556
1909
1798
2967
2418
2595
1571
2852
1588
1747
2678
449738
3880
1819
3802
3843
2804
3622
3513
3650
3293
3893
2978
3008
3900
468192
1771
1526
2126
1533
1523
1519
2460
1703
1827
1604
1771
1621
1550
515307
1717
1700
1517
1510
1852
1566
1737
1714
1589
1541
1544
1567
1527
494355
3045
3711
2533
1541
1487
1651
1538
2031
1530
1557
1619
1510
1655
288127
8590
1690
1543
1739
2094
1591
1506
2604
1575
3280
1523
1523
1549
480155
1676
1640
2544
2371
1593
1808
1883
1648
1807
1552
1576
1891
1851
450128
2153
3258
2815
2474
2745
2549
2103
2838
2323
2836
2851
2663
2969
461304
1613
1991
1662
2069
1519
1695
1568
2307
1520
1598
1818
1545
1814
491752
2392
2462
1686
1863
2097
2243
1927
1890
2263
2377
2118
2921
2176
24713
1798
1509
461449
1570
2120
1542
1660
1556
1525
1543
1634
1509
1515
466319
2149
1906
2067
1924
2195
1946
1772
2129
1982
2252
1906
1876
2013
468127
1828
1775
1648
1643
1603
1517
1500
1512
1738
1508
1529
1513
1522
460082
2302
2438
2174
2301
2431
2822
2862
2186
2260
2416
2652
2718
2364
459278
1719
1620
1501
2411
1574
1592
1768
1563
1540
1526
1539
1565
1528
486368
456837
1767
2014
1528
1715
1547
1575
1531
1532
1518
1568
1816
1675
470599
2238
3270
2811
2921
2868
2978
2781
2688
2789
2593
2690
2725
2951
480141
1846
2025
1775
1738
1691
1869
1664
1728
1705
1695
1813
1807
1699
455018
1944
1602
1702
1548
1522
1532
1513
1715
1546
1520
1506
1498
1524
466789
1741
1545
1710
1515
1514
1510
1516
1516
1568
1601
1806
1562
1618
466684
1575
1538
1516
1533
1705
1564
1578
1548
1554
1532
1545
1677
1519
478168
1585
1553
1515
1539
1512
1766
1507
1540
1655
1543
1549
1652
1543
465254
1526
1729
1538
1522
1581
1572
1543
1662
1565
1603
1596
1657
1531
496744
1755
1764
1589
1708
1540
1521
1641
1559
1555
1700
1574
1606
1599
474822
1751
1996
1575
1518
1504
1692
1544
1506
1532
1541
1537
1649
1569
479923
7178
6001
