1442225
7856
137812
2431
104206
7584
2493
2575
213227
1885
1689
2131
1886
4314
3528
4105
3360
3829
3696
3585
470789
3705
3153
466735
2602
2673
2354
2709
2548
2448
2422
2781
2194
2731
2490
2817
2820
500365
1617
1613
1559
1706
1608
1644
1595
1565
1792
2530
1635
1575
1566
452943
1671
1549
1569
1539
1861
1822
1582
1600
1534
1538
1545
1622
1923
460346
2762
2081
2209
1756
1648
1751
1533
1567
1546
1714
1537
1520
1709
475018
1968
1575
1530
1569
1840
2296
1548
1708
1548
1951
1675
1610
1546
467014
2357
2211
2634
2459
2151
2308
2756
2637
2185
2662
2255
2525
2970
510965
1729
1514
1544
1545
1919
1550
1559
1626
1533
1538
1651
1548
1525
448662
2687
2785
2295
2348
2706
2601
2796
2445
2796
2547
2310
2279
2437
356265
1521
1538
1515
1529
1776
1630
1540
1529
2015
1589
3127
1629
1672
458970
1755
1635
2177
1746
1546
1538
1520
1515
1528
2342
1550
1607
1528
451292
3492
3619
2588
2947
2905
3247
2204
2862
2571
2284
3451
3334
2718
282895
1926
1582
1535
1533
1517
1817
1761
1543
1642
1745
1525
1530
1652
493359
1667
1534
1532
1824
1668
1531
1516
1653
1795
1707
1646
1637
1539
452200
1624
1664
1551
1505
1510
1520
1601
1535
1730
1517
1521
1515
1516
443164
2122
2152
2088
2111
1973
2069
2031
2035
1883
2142
2131
1935
2067
444510
1948
1581
1554
1517
1662
1619
1528
1547
1537
1540
1510
1685
1543
437052
1662
1561
1513
1875
1819
2794
2454
2572
1629
2199
1566
1518
1605
455184
2596
2398
2534
2874
2330
2498
2609
413285
1628
1510
1509
1520
1616
454016
7452
6525
7731
7610
8785
8451
4798
6986
11163
8154
7080
8887
6863
462410
1997
1956
1827
1758
1750
1823
1645
1805
1662
1755
1783
1725
1713
172129
1507
1517
1533
1530
1511
1685
1521
1508
1563
1534
1519
1634
1584
447906
3453
1768
1653
1527
1529
2119
1576
1596
1497
1509
1621
1848
1544
442307
1727
1588
1608
1965
1535
1498
1560
1522
1558
2242
1511
1509
1516
440757
1723
1722
1518
1565
1524
1540
1518
1695
1611
1519
1558
1505
1539
451986
3328
3403
3967
3432
3567
4067
3825
3892
4142
3990
3593
4022
3993
458992
4107
1538
1508
1518
1506
1528
1640
1505
1504
1632
1540
1520
1654
447318
1843
1685
1613
1535
1541
1678
1583
1758
1547
1518
1673
1516
1560
462465
10072
11012
10047
9839
10022
11780
12408
12099
12411
9232
10277
9813
5139
340572
1621
1560
2863
1634
1660
2111
4330
1826
1700
1677
1647
2557
1683
479003
1720
1524
1513
1517
1732
1556
1504
1512
1640
1541
1528
2651
1521
442261
2365
2081
2522
2474
2271
2572
2421
2097
2317
2390
2251
2479
2464
312115
1684
1569
1637
1514
1515
1571
2013
1535
1567
1538
1536
1679
3974
459832
1561
1505
1500
1553
1564
1686
1517
1523
1508
1656
1566
3931
1529
396470
1514
1513
1521
1513
1538
1738
1636
1521
1548
1538
1586
1903
1561
459504
1621
1890
1660
1921
3506
1536
1504
1520
1557
1534
4022
1649
1536
451942
2082
2061
2164
2035
2042
1898
2076
1963
1948
2099
2234
2083
2178
422594
1530
1678
1774
1548
1568
1572
1548
1983
1733
1530
1529
1558
1727
461719
1825
1609
1550
1529
1530
1779
1587
1604
1744
1510
1636
1629
1523
457358
1595
1527
1506
1503
1508
1500
1670
1546
1513
1514
1513
1543
1521
457111
2581
1623
1521
1533
1507
1511
1509
1631
1573
1562
1513
1514
1531
450682
3827
7432
6694
6031
6392
7446
3981
5482
8860
6706
7730
5457
7127
396480
1626
1678
