1447244
74442
90176
2621
244810
5283
1732
2629
464485
2129
1817
1693
1709
2472
3271
3318
3617
3300
3526
3613
431244
3303
3706
461103
1819
1643
1555
1542
1743
1657
1620
1620
1554
1548
1656
1557
1620
469282
6013
7700
6463
4632
6428
5587
4494
5609
6726
7672
6842
6661
8411
300460
1574
1715
1592
1556
1898
1613
1614
2538
1575
1606
1618
1583
1614
451877
1580
1531
1552
1547
1555
1738
1526
1624
1549
1523
1579
2456
1599
450156
1524
1540
1526
1538
1769
1528
1567
1623
1713
1626
1750
1579
1587
453159
1542
1738
1565
1522
1538
1531
1526
1639
1773
1535
1543
1533
1577
466355
3405
1594
2653
1532
1527
1533
1530
1701
1657
1525
1525
1604
1569
42244
1646
1546
446130
3240
62952
6000
4443
6228
3318
4958
3357
6165
5668
27121
1513
1538
1522
1537
2314
1531
1529
439558
1567
1567
1542
2070
1546
455882
1684
1643
1591
1548
1535
1579
1524
1878
1531
1531
1523
1558
1531
452324
9091
12915
10266
12292
10306
8908
10526
10759
7762
8909
10319
12718
4626
437614
1617
1686
1568
1541
1551
1539
1581
1897
1610
1584
1585
1529
1582
453199
1518
1520
1526
1537
1706
1576
1528
1637
1561
1602
3289
1579
1537
477375
8672
1647
1541
1535
1506
1625
1673
1551
1538
1515
1540
1551
2450
443183
1561
1631
1530
1658
1590
1509
1521
1515
1541
1514
1742
1563
1522
465866
34442
1636
1584
1601
1739
1559
1537
1535
1532
1642
1566
1695
1638
454839
2367
2475
2556
2269
2430
2517
2721
2636
2686
2538
2643
2350
2913
379892
1589
1570
1645
1568
1653
1692
1543
1529
1610
1531
1566
1763
1552
452822
1569
1539
1654
1548
1524
1525
1521
1613
1616
1827
1561
1568
1559
452678
1720
1554
1527
1777
1555
1540
2306
1661
1543
1516
1553
1566
2672
463396
1993
1613
1587
1555
1505
1503
1592
1545
1537
1757
1496
1509
1532
451587
1541
1651
1560
1515
1512
1515
1517
1504
1649
1518
1566
1521
1665
464788
2152
2177
2187
2171
2060
2179
2067
2127
2194
1978
2305
2315
2124
471123
1548
1513
1505
1535
1516
1577
1651
1585
1572
1519
1513
1629
1556
461695
1507
1502
1515
1518
1662
1514
1520
1526
1572
1516
1678
1553
1523
467252
1617
1504
1500
1552
1509
1576
1578
1513
1518
1639
1518
1512
1697
451893
1759
1884
1972
2248
2059
1990
1872
2206
2119
1917
1984
2130
1913
367575
1519
1520
1750
1531
1548
1519
1515
1546
2148
1773
1557
1554
2607
461169
7473
1677
1632
2298
1498
1504
1520
1510
1676
1885
1512
1509
1511
446947
1918
2007
1969
1913
1941
1906
1877
1898
1977
1974
1894
2022
1925
463621
1826
1539
1584
1538
2009
2406
1516
1531
1547
2554
1547
1725
1505
451051
2141
2167
2519
2109
2268
2393
2279
2477
2552
2559
2434
2696
2347
447390
1538
1582
1530
2526
1516
1525
1506
1513
2143
1599
1600
1543
1535
462850
1992
1504
1497
1585
1518
1505
1669
1543
1531
1527
1524
1528
1742
455688
2861
2524
2642
2805
3268
3246
4011
3165
3020
3399
3670
3404
3281
356837
1621
1549
1632
1786
1567
1555
1526
1527
1617
1645
1655
1537
1524
468989
1517
1526
1526
1599
1676
4798
1830
3202
1561
1541
1527
1529
1578
466983
1681
1541
1760
1582
1491
1604
1538
1608
1933
1570
1532
1526
1524
462063
2822
2863
2954
3226
2646
2827
2497
2554
2634
2867
3053
2868
2865
373526
2585
1510
1556
1526
1521
1510
1753
1520
1560
1511
1617
1580
1661
459731
10833
8720
8199
9735
9216
8622
8900
6452
6568
10704
9960
6947
9400
162765
1587
3779
