35665402500
237425100
239871500
246228700
240847600
246484300
240728700
267771300
281314200
237735300
253996900
229217100
279885700
230540300
233950600
245915300
247156700
234408400
232377600
228460600
231127500
235592900
242287100
239150200
240527400
243232900
247869600
231766500
241849100
264995700
231860700
234104100
251915300
261150400
246481900
247718400
241978200
248772300
245159500
277562600
244103700
247033900
244735200
242062500
245643100
250667500
243620200
242752200
248730300
269912500
273873100
258066000
240965200
248156800
288181800
243530200
244793300
268869700
250730800
243446700
240145400
249020200
240697500
243440400
240130900
245881500
242227100
256404800
243078600
246439900
275484400
241732200
258592200
247900100
267994100
245732600
248418300
248024900
243095600
241709900
277169300
245178900
244143000
242893600
243371600
246244900
243496100
242064900
244664100
249972900
296399000
258517900
255096100
249060600
243138200
291549800
247137800
267992700
248254500
255271100
242836400
249388400
246196900
244388000
253643700
261161900
255838300
263927000
244299800
254203200
278363300
245043300
245607300
269537800
247102100
261526100
251518700
249350000
247362400
246846800
246109800
281817400
250978800
246509300
248000600
247540900
247029600
247194700
244882200
250980100
298301800
264929400
267689300
245722700
247189200
299530600
256607700
271052200
249867400
265535900
252601000
247501500
249221500
248328900
252493300
246616700
248722500
258967300
260495100
259513500
271782900
248871500
253122200
264803700
247646300
262586800
261073300
248015200
249240100
249840300
257700300
280488900
249522800
252859700
249906300
248676600
248578400
255369700
249378600
255590800
301846700
270060000
261503300
249369900
260687100
295917400
260230500
262195100
266143300
255139700
250320800
251679300
249603500
254277000
249389600
251405400
251618400
269306700
253364200
254815900
285411900
249504200
261909200
257508900
272689700
249383700
255368100
257630500
269523300
260560300
293159400
250941300
260200200
252128300
251760800
250289800
259663700
251228000
251366900
301116400
278413300
268459200
252069500
258199900
272025500
292096300
267370800
266303500
262882100
251568300
250553600
256043200
253526300
252144700
250997900
260192700
257973200
263185200
253315600
294040600
253357500
262966300
265493300
268789000
253899100
260710100
258535800
252643200
254343700
288018600
260652000
251517800
255869800
252566000
258615700
250823200
255313200
254108600
309559800
265137100
267697900
255724400
252805300
258882600
303208800
275850600
252795700
271675200
251767800
260493400
251875100
254769700
251842300
257820700
252116700
254328700
269183900
259477600
288376500
254439500
275140200
256197100
264939000
259505900
256872000
259900800
253235100
255040200
292949200
253979100
253562800
254765200
257982000
255179000
252880700
254473800
259024900
308518600
281603900
261688400
254619100
255336400
258393200
320648300
259833300
273035900
254436400
258393200
253617300
255950500
254282800
259649000
253015700
254330800
259529000
281697300
254230100
286024300
260084400
271278300
253292300
270285700
261153800
253573200
257189700
253243200
266624200
282951900
253668400
252929700
261038400
252440400
253852200
252232700
262729600
270370700
283315600
296565800
255915600
253170900
253154600
258544400
322482400
259662000
269873000
270942800
265600400
263621700
254106700
262458800
256226400
254083600
259663900
273002700
261541200
259956600
293872900
274759500
253869100
255409500
277758200
257289200
263047800
252785100
260227800
267764500
276519900
252713300
257458400
254380000
255015700
252371800
259235400
255200600
272554800
253165500
327290100
256012300
253051600
258229800
273017800
306340500
273689200
258400000
254843700
253164100
254666200
259816600
255136600
252883400
253797300
259344200
267662400
258208400
257518600
286217500
272610100
253626200
264778400
264774600
256144100
258181900
260408500
253819900
286945700
254630500
260056100
255110700
255613100
252981000
261463200
253330200
259591100
265152300
265767300
317189700
255360700
259156200
255852000
289637000
289955200
282134200
253748300
255494800
253153600
259274900
255992300
265330000
262414100
269267000
259676700
273356100
261442100
276679500
286171400
255727100
261320800
273518500
256427800
255577900
267513500
256392100
257947900
294307900
258889900
253648400
255791500
260848300
254466500
254311300
255380200
278363400
252713400
307235400
273736900
260735600
255586800
271818400
291345300
293642200
257642400
253608900
263644300
253705900
254702900
255461600
263472200
253813900
255099300
268461600
267811600
256080600
307786200
253924300
270314200
256181100
269723200
254480100
275396900
260827400
254758200
292242200
262379700
255548300
254872400
260026300
257168400
255049700
254169600
266715700
268262100
254843500
323965800
264880500
254542000
253773800
311257200
272437300
277181300
254015200
259421100
256182000
256323100
254420800
263434700
256436800
256528900
253703200
276902000
258514200
272202800
293573200
255940100
257904900
271379100
260057300
259983000
254382500
261165200
260070800
291295800
255076300
255793200
260947900
256621400
255168700
256130400
259912700
273489100
254775600
283221500
300668800
257697300
255168600
275415200
289940000
287511800
259911900
261372800
257758500
254293700
254466400
272660000
257287300
255650400
258554500
275082900
257055700
254987400
318274100
256917100
255669600
267346300
265230800
256854600
256680400
259692300
261453400
288908500
258327800
259091300
256866900
257189100
256926900
260262900
254966600
263199300
267121100
267227300
301501600
274370900
255671500
259401500
301676400
288263800
276055000
254754700
255248300
257021200
261015200
254797200
255710900
257246100
262810600
254963300
274079900
256184200
280595100
290014600
255562600
257969600
277765400
255261700
255635700
261890100
261736300
256409400
291415100
263580800
254886800
256673200
254594400
264746700
255259800
255236800
271991000
264538700
268494000
312946300
257527700
