21106
3491
3420
5836
3730
3716
3414
3539
4113
3443
4012
3696
3370
4189
3971
4096
7953
3852
3698
4465
5210
11713
5565
19856
11582
4280
4057
4027
4506
5169
28698
24206
6878
1257
1286
3530
2497
1912
3809
2576
2313
2513
2285
2502
1556
2584
1707
3504
4237
1650
1714
2001
1704
1162
1294
1219
1188
1376
1693
1322
1261
1225
1533
1878
1612
1352
1459
1356
1169
1348
1159
1429
2098
1969
1600
1423
1247
1606
1507
1227
1278
1069
820
918
872
892
893
1356
1678
1136
998
1036
1185
1587
5609
2022
2539
1472
1430
1440
900
936
828
828
937
824
971
1438
1236
1110
988
1223
1263
857
823
1089
1191
1144
1171
1314
809
948
1047
949
921
1231
1114
823
975
962
830
825
1066
1163
983
1038
1173
1100
877
1222
919
837
1002
880
1334
1127
1292
840
878
1152
1141
1305
1373
1751
1444
1295
1236
1443
1241
1330
1274
1441
1790
1282
1098
1089
1174
1255
1973
1427
1593
1414
1491
1225
1156
1071
1330
1400
1042
850
1021
919
841
824
1325
1427
1241
834
1053
928
833
894
1162
1188
1550
99999
1347
1261
1096
894
828
826
854
1287
1144
974
907
847
810
811
950
880
963
837
1293
914
815
820
1088
804
962
835
794
825
1569
1724
817
1027
821
808
882
831
1146
928
1113
954
973
823
856
1076
796
794
814
1045
828
1263
1292
815
906
894
821
821
815
967
914
967
1313
948
804
870
807
945
878
817
812
822
909
1149
1180
988
1059
819
817
961
1138
1223
1481
1473
1034
953
798
802
941
830
828
822
1230
1153
955
959
1089
824
875
831
951
801
835
1197
966
836
820
854
1209
964
970
850
847
1027
1211
988
842
1167
810
814
824
799
800
822
1096
1174
898
816
882
932
817
805
1047
920
1023
1194
1024
817
1094
816
925
817
806
1061
849
1010
1141
928
843
904
857
812
827
827
881
910
1015
1150
1032
853
880
845
924
814
848
876
818
1087
973
806
908
856
812
808
832
806
819
827
867
1155
1357
930
869
822
798
810
904
834
827
848
1191
933
815
957
813
823
1039
829
813
900
1252
1468
1167
1184
1144
927
818
828
815
829
1050
1059
838
813
880
976
930
834
829
812
831
1084
1161
1084
825
1092
926
816
842
849
835
819
1210
1391
1174
1232
1176
1167
1157
1175
1237
1174
953
837
876
845
823
862
843
834
1067
1205
1033
1150
1271
1144
1277
1211
1144
1317
1417
1204
1207
1138
1152
1209
1145
1310
1392
822
826
903
822
815
839
804
809
824
925
1141
1324
797
873
830
818
865
954
875
815
1024
965
825
829
865
955
834
822
839
928
839
907
1140
1090
812
882
926
974
943
830
804
826
978
1303
1219
1250
1258
1430
842
819
948
995
1203
866
832
922
801
969
815
820
808
810
920
1141
1038
933
873
808
815
824
799
827
811
1136
1155
1085
909
1014
893
812
926
945
1138
957
1163
951
813
1082
809
793
967
805
1156
1042
1227
1153
903
854
952
818
806
821
908
897
825
1247
1071
803
837
1011
802
799
817
816
807
814
1201
1453
859
904
844
813
824
874
895
841
1196
1147
808
828
850
803
908
954
807
909
813
