55778
19151
1936
2135
2223
1797
4078
2072
2364
1995
1993
1926
4800
2149
2094
2249
4790
4722
2626
2389
2120
2142
2626
5190
2297
4107
2507
4858
2178
2066
1952
1990
2118
2547
4394
1919
2815
2005
2710
5710
2063
2028
2228
2555
2003
5088
2132
2244
2709
2011
3343
4740
2731
3025
2278
3601
5221
2616
2203
2438
6207
2156
2435
2591
2329
2044
4361
2516
2038
1804
1798
2373
2355
5320
2777
2700
2071
2015
3803
2271
2281
3780
2564
2274
5239
2721
1831
2189
3044
3699
1790
1801
2799
2019
2494
5515
2296
1837
1920
1830
2494
2516
5279
3414
1822
1788
1824
4490
2229
1900
2170
3147
2229
3940
2659
1906
2290
2612
3824
4705
1989
2918
2685
2142
4366
2547
2429
2024
4144
4723
4817
2076
1890
1637
1505
4018
1894
1896
1891
2832
1727
1549
4229
2263
1984
2132
1932
1772
5616
1678
1631
1632
2097
2172
2043
5183
2149
1555
1604
2015
1858
2137
4166
1934
2771
1978
1563
1530
1605
2287
4324
1723
1988
2604
2519
1627
4187
2145
1900
1933
2165
1721
5215
1537
1528
1517
2184
2124
1942
4641
2756
1676
1604
1523
1527
2371
4032
1919
2165
2641
1514
1569
1609
4673
1671
1779
1614
1890
3487
4333
1674
1572
2451
1959
1626
1879
4021
3044
1652
1706
1571
2398
2613
4814
2822
1669
1579
1625
1941
4486
2170
2147
2414
2782
1841
4243
2563
2248
2145
2587
6520
1868
1846
2372
2217
1866
5946
2371
1905
1945
1812
2871
4983
3501
2721
1856
1910
2182
4804
2110
2490
3084
2091
4121
1773
3014
2623
1904
2368
4159
1886
1875
1833
2456
2700
2398
5523
2075
1961
1953
2108
5131
1873
2083
3177
1857
1907
4044
2447
2015
1880
1818
4210
3528
2013
3247
1923
2172
1966
4597
2008
1851
1891
2121
2517
3258
5447
2370
1821
1819
1869
5073
2011
2182
2641
2845
2614
3819
2937
1905
2500
2118
5458
1852
1842
2777
2008
2284
5432
2044
2171
1973
2332
3123
3922
2065
2929
2320
2803
1850
4072
2106
1880
2237
2341
2023
2285
4939
2229
2102
2170
3064
4211
2090
1825
2750
1998
2769
3806
2833
2033
1816
2344
2788
4009
6343
4667
5493
2117
2384
2775
3131
4165
1938
2909
2441
2020
2597
4050
1939
1825
1821
2936
2212
2319
5966
2213
1851
2332
5614
2240
2465
2583
1696
2259
4426
2550
2226
1996
1871
4018
5672
2722
3966
2765
4219
3924
2082
1922
2202
5432
2038
3736
1828
1831
2308
4103
2219
2068
2858
3426
2482
4833
2568
1983
2370
6076
1831
1833
2371
2441
2185
5897
2047
1633
1741
1546
1621
2967
3811
2252
2905
2323
2159
1843
4729
2312
2392
2207
3262
1911
3594
2106
2073
2103
1835
2428
5386
1825
1955
2014
2290
2635
2595
5378
1874
1960
1903
2534
5030
2089
4038
1607
1630
1584
2199
4529
1779
1972
1974
3435
2167
4466
2754
2735
2217
5641
2812
2713
4540
2147
4575
2248
2351
1863
2191
5596
1854
2945
2944
2500
2269
5950
1846
1872
4174
3148
4383
2061
2992
1948
2228
5239
1892
1886
1864
2868
4017
7883
2243
2493
1652
5003
1904
1712
2392
2368
2366
2092
4897
1949
2048
2611
7173
1955
1908
2696
2246
2431
4835
2732
1950
1819
2825
2486
3925
1954
2865
2118
1876
1899
5267
2289
2614
3269
2368
1997
5091
2565
1838
2044
2324
3155
4509
1898
2444
2174
2014
4441
2477
1581
1703
1612
1722
2382
4119
2077
3989
1902
2011
1981
4232
2163
1992
1850
3389
2621
4494
2484
2763
1917
2267
4775
2718
1893
1920
2624
2166
6059
3117
