18072
2437
2383
2176
2439
5724
2506
2133
2475
2829
2368
3691
1907
1947
2415
1869
2884
4839
1824
2236
1816
2022
2358
2057
3718
2511
2186
1739
2514
1884
4987
2527
2308
2090
1887
1768
2324
5090
1819
3041
2379
2340
4172
1883
1976
2284
1788
3888
4281
1807
1976
2195
2749
2174
5434
2396
2349
2321
3405
5545
3372
2355
2395
2227
2282
5048
1856
2580
2087
2398
2130
5123
1929
2324
1874
2777
3968
1758
1683
2328
1754
2176
1943
4238
2349
2296
1714
1767
2491
2115
5919
2866
2542
1791
1871
3879
2584
2204
2420
1882
2340
4415
2263
1837
2325
1849
2392
2355
5234
1695
2219
1746
2449
1954
3672
1962
2256
2233
1802
2194
1740
3839
1868
2559
2054
2247
2263
1891
4416
2338
1750
2677
1982
2195
3438
2221
1707
1917
2766
1799
2539
5347
1710
2177
1950
2051
2735
4499
2433
2616
1800
2520
4107
2362
1912
1842
2527
2224
1723
4595
2447
2280
3699
5180
1989
2135
2355
2035
1667
1605
4157
1998
1963
1544
1496
1874
1862
1980
4902
2088
2417
1515
1788
1510
2038
4395
1796
1945
2166
2447
1799
4376
1849
1715
2014
1872
1989
2287
4099
1505
1597
1873
1506
1696
2248
1592
4548
1986
2004
1482
2006
1497
1568
3751
2005
2371
1956
2132
1508
1482
4720
1966
1740
2041
2105
1966
2250
4018
1946
1560
2031
1689
1708
2570
5005
1624
1560
1750
1879
1623
1874
3904
1918
2031
1620
1500
1477
1854
1641
3878
1574
2792
1739
2157
2225
1599
3624
1626
1680
1597
1780
2772
1894
3581
1551
1758
1696
1650
2371
1672
1962
3826
2106
1535
1824
2101
1613
2178
4046
2270
2133
2178
2002
1683
2074
3815
1989
1635
2249
1834
2329
2071
3697
1648
2067
1931
1679
2990
2793
4122
1755
2035
1709
1827
2409
1927
5057
2051
1739
2071
2080
2459
3660
2073
2666
2383
1832
1692
1905
5004
1681
2614
1973
2300
2841
4336
2040
2028
1884
2378
1797
4512
1783
2125
1693
1936
2201
1788
4364
3161
1635
1610
1871
1627
1751
4195
2597
2191
2089
1629
1728
2145
3386
2185
1781
2327
1678
2312
2093
3655
1667
2013
2125
1831
2871
4800
1782
1780
1977
1738
2021
2068
4334
2679
2646
1709
2178
2002
4469
2331
2273
2550
2040
1733
2259
4870
7968
6576
4640
1850
1861
2984
3820
2491
1934
1988
1796
2508
2047
4514
2160
2844
1917
1913
1698
4344
2089
2460
2558
1637
1776
5109
2130
2081
2134
1954
1968
2229
4402
1781
1683
2152
2139
1715
4635
2440
1648
1888
1774
1755
1719
3961
2329
1979
2589
1707
1726
4699
2391
1882
2595
2152
2663
4802
1917
2051
2311
1743
2461
3562
2231
1641
1948
1625
2364
1712
4856
2040
2349
1738
1721
1895
1682
4650
1727
2478
1859
2129
1946
4401
2662
2023
1705
1871
2717
4724
1912
1981
1744
2119
2069
2096
4623
1831
1810
1861
1893
1812
2056
4877
1716
2337
2328
1667
1826
4398
1790
2155
2393
2024
2089
4655
2022
1834
2526
9773
2818
4768
2772
4547
2182
2508
2698
1758
1925
4661
1812
2424
2164
2354
1957
4199
1715
1971
1904
1895
3004
2187
4252
1781
1618
1648
2103
1977
2367
3717
2496
1727
1618
2003
1725
2043
4108
2186
2124
2512
1642
2017
1822
3740
1912
1761
2479
2760
1862
1626
3224
1601
2086
2006
1776
2372
2020
4402
1648
2188
1876
1854
2157
2258
3836
2538
1629
1974
2041
1747
2064
3951
2397
2034
2300
1604
1659
1947
4276
1780
1839
2327
1782
2099
4893
1923
1795
1790
2050
2195
2124
4745
2236
1973
