18684
2106
2124
2282
2590
4919
2374
2463
2472
2283
2634
5703
1877
2302
2184
2340
1917
5277
2558
1897
1927
1881
2240
5168
2600
2324
2581
2029
4727
2728
2302
2702
2185
2427
7543
2911
1976
2150
4628
2167
1958
2309
1727
1909
2515
4817
2542
2313
1817
2289
2542
4895
2214
2235
2439
1979
1724
4862
2110
2033
2770
1669
2828
4255
2026
1784
2129
2013
2152
3847
3364
1984
2253
1842
2522
4908
2427
2710
2207
1890
2617
4532
1794
3169
2286
2390
1927
4274
2541
2102
1850
2862
5421
1818
2120
1826
1969
2238
1787
4011
2561
1772
1958
1870
1784
2017
6162
2463
2258
1784
2222
4429
2693
1841
2554
2989
4260
2780
1939
2374
2314
2538
4438
1737
1757
2367
1898
2434
1918
4943
2824
2128
1830
1911
2015
3805
2565
2444
2778
1756
1669
1881
4380
2131
1712
2893
2258
2668
4874
1859
2204
1973
1753
5044
2526
1919
2128
2048
2319
2207
5526
2670
1911
2011
2357
5787
2036
2919
2753
2899
4819
2500
2027
2010
2892
4324
2015
2583
2540
5351
4035
2462
3069
2874
2505
4647
2522
2337
2598
1869
1938
4736
2388
3546
2323
2759
4775
2138
2543
2590
3221
2343
4543
1874
2427
2480
2041
1968
3758
2329
2680
2082
2156
2181
4434
3258
2684
2172
2118
4665
2652
2143
3253
2680
2022
4746
2157
2225
2465
2045
2621
4936
1967
2338
1928
2589
4250
2032
3186
2152
1868
2037
4726
2547
3018
3199
1733
4278
1894
2476
2474
3566
3028
4373
2351
1934
1930
2335
2289
4945
2675
1871
2180
2735
4970
2746
2441
2898
1891
2284
4835
2094
2681
2045
2577
2603
4364
2541
2290
2478
2800
3865
2155
2549
1938
2141
1904
2669
5390
2876
2480
2126
2603
5544
3651
1942
1878
2667
5288
2082
3188
3571
2314
5324
3244
2984
2853
4711
1879
2383
1913
2525
1853
5038
2598
2017
1884
2297
2021
5166
3214
2390
2508
1908
2463
5072
1897
3618
2692
2320
3922
2412
2856
1987
2038
2981
3910
2360
2280
1925
2312
2181
4799
2624
2469
2298
2136
2021
4268
2846
3214
1881
1795
2376
3766
2618
1773
3187
2954
2078
5276
2067
2573
2190
3231
4194
1933
2471
2406
2051
2447
4391
2779
2421
1918
2630
2100
4763
3279
2386
2427
1994
5221
2563
1978
3566
2639
4572
2452
2393
2542
2000
5250
2794
2091
2686
2201
3170
8390
2577
2759
5149
2410
2727
2242
1831
1841
2233
4946
1918
1983
2009
1925
2113
3668
3119
3364
2909
1898
4874
2387
1924
3180
1995
2268
4075
2084
2089
2835
1923
2709
5541
2091
2417
1911
2808
4504
4511
1926
2081
2240
2200
4583
2740
3322
2585
4547
1975
3001
2963
2617
5363
1899
2594
2057
2541
2497
4401
3477
1871
2676
1915
2583
5372
2696
2090
1923
2008
4423
2003
1983
3767
2977
2233
4496
2432
2447
1939
4186
4555
2029
2037
1911
3376
5749
4241
3496
1856
2617
5439
3639
1841
1813
2664
5448
2153
1936
4705
4573
2554
1983
2454
2302
2591
4399
2594
2064
2263
2113
2501
4180
2808
2860
1891
2529
2114
3719
2445
3531
2436
2053
1860
3819
3792
2182
3617
2746
5112
1845
2197
2039
2039
2669
7412
2331
1899
2606
4123
3144
3370
3070
2122
4569
2003
3679
3141
1926
1911
4733
3181
2575
3013
5414
1872
2189
1904
2428
2229
4624
3084
1878
2489
1872
1958
4352
3221
3298
1898
1833
2612
4827
2307
3849
3147
2025
4523
2202
2318
1937
3132
4985
2419
2141
2118
3387
3676
6114
1904
2216
1867
2616
6197
2669
2092
2033
3014
5022
1831
3519
2580
