17585
2177
4919
2952
2544
2469
3035
4755
2713
2953
2405
2276
2428
5177
2964
2075
2731
2516
3561
3264
2518
2426
1939
2424
5064
1980
4214
2859
2065
5115
2488
2454
1956
3157
4676
2102
2512
2309
2664
4146
2887
2592
1876
2366
2110
3861
2038
2986
2745
3385
4677
2230
2848
2057
3091
4546
1904
2733
1884
2431
2211
4744
2823
2118
1956
2569
2520
4119
3392
2927
2001
1948
2700
5085
2715
2883
2936
5177
2023
2223
2042
2458
2751
5831
1819
2121
2204
1756
1769
1813
4133
2361
1951
1873
2160
2189
5206
2391
2231
2002
1762
1833
3649
2400
2094
2454
2449
1912
1619
4653
1619
2095
2287
1725
2900
4469
1631
1710
2136
1694
2008
1787
4311
2161
2553
1636
1623
2597
1926
5167
2061
2013
2571
1610
1607
4292
2048
1902
2491
2598
2579
4190
2011
2174
1808
2036
2036
5086
2292
1783
1850
1969
2420
4707
3012
2588
1660
1873
2000
1836
4494
1698
2128
2339
2390
1992
3868
1841
2118
1995
1865
2566
2190
4273
2241
2008
1807
3174
4966
2408
2370
1654
2437
1661
2087
4875
2381
2500
1644
1678
1768
4401
2116
2312
2398
1832
2407
4631
2480
2194
1968
1750
2843
2034
4438
1760
2014
1858
1826
2061
2055
4941
2329
1736
1810
1995
2365
5126
2636
2465
1831
1677
1791
3735
2190
1818
2865
2189
2096
1671
4873
2164
2518
1818
2580
2358
4237
1950
2078
1850
1835
2405
4459
2546
2404
1696
2385
1896
1832
4343
2989
2605
2095
1679
2156
4569
2123
2775
2705
2688
3981
2394
1729
2434
1832
2200
2254
4308
1682
1708
2277
2296
1872
4758
4133
1809
1621
1931
1871
4154
1747
2645
1955
2245
2206
3949
2004
1768
2153
1656
2460
1875
3968
2242
2002
1657
2227
1709
2547
3876
2093
2287
1918
2108
1882
2714
5074
2399
2114
1637
1943
2161
4915
1789
2730
2735
2126
1655
4600
1758
2107
1901
2662
2060
4150
1677
2177
1930
2014
1995
2353
3821
2633
1651
1661
2143
1981
1749
4063
2594
2118
2211
1701
1646
1975
3718
1839
1716
3393
2106
2155
1747
4669
2967
1966
2601
3223
5006
2164
1975
2408
1736
1828
5116
2569
1894
2407
2597
4661
3393
2552
2057
2477
2517
4831
2007
2680
3345
2083
4190
2154
2157
2182
2009
2847
4624
2015
2530
2510
2659
2527
4894
2583
1768
1798
2433
1902
3817
2177
2060
2295
3011
1780
4640
2442
1758
3182
2163
2436
3749
2463
2206
2528
1911
5987
2525
2090
2397
2009
2373
3546
3063
3067
1978
1960
2815
5153
2115
2981
2746
2057
3952
2067
2916
2071
3350
4736
1967
2603
2230
2055
2649
4429
2976
2454
2211
2593
2056
3574
3629
3513
1946
1958
5198
2459
2226
3133
2910
1878
4746
2085
2157
1700
3424
4404
2125
1977
2479
2273
2186
4536
2194
2281
2304
1870
2148
4115
2057
3117
2145
2255
1810
4363
1850
2289
1799
3765
2397
5416
2437
2380
2475
2290
3982
2459
2483
2258
2697
2766
5241
2351
2437
2260
1942
5056
2300
1922
2789
2640
2662
5342
2388
1822
2029
2701
2379
4360
2024
2335
2317
1930
2042
3834
2751
1798
1756
2207
2009
2222
5633
2223
1964
2045
1762
2108
5168
1829
3200
2246
2319
4354
2146
2349
2247
2090
3227
4339
2141
2460
1980
2984
2626
5413
1976
1975
2449
2003
2144
7768
2154
1975
1665
2511
4966
2168
2606
2033
2485
1702
5019
2132
2448
2787
2896
3857
1944
2224
2395
2168
2197
5024
2438
2414
2019
2427
2173
5345
2384
2028
2221
1748
1782
3861
2213
1866
2300
2475
2286
4957
2170
