17546
3792
2311
1801
2214
3385
2171
4451
1920
1968
2206
1943
3220
4661
1740
1677
2694
1833
1846
1803
4267
2036
2703
2491
1976
1558
2002
4280
3362
3531
1702
1944
4198
2221
1923
2104
3891
2088
3647
2100
1602
1713
2654
2220
4966
2091
1622
1848
1827
1652
2103
3828
2831
2362
1918
1626
2273
1807
4468
1764
2477
2472
6917
2229
2243
2072
2770
3450
4751
1677
1957
1803
2276
1904
4904
2805
1846
1685
2073
1692
2030
3437
3413
2503
1945
2018
1709
4349
2111
1806
3004
2464
2391
4128
2034
1697
2420
1703
2673
4854
1716
1728
2111
1674
1802
2545
3970
3299
2155
1708
2245
1772
1863
4834
2736
2197
1983
1708
1901
3549
2533
2749
2030
4300
4119
2150
1876
2263
2107
2264
5448
1996
1719
2117
2014
2219
1961
4908
2160
2164
1549
1508
1933
1582
4411
2031
2677
2616
1979
1700
3392
1683
2082
1839
2203
3021
2397
4372
2071
1671
1827
2531
1690
4559
2539
1650
1772
1893
1684
2105
4304
2744
2519
1750
1633
2482
1667
4737
1702
3201
2548
2034
1650
4140
1835
2173
2204
2571
3366
4163
2071
1628
1778
2077
1950
5190
2362
1515
1669
1909
1949
2135
4722
2402
2172
2126
1639
1694
1778
3960
1765
1603
3012
2162
2049
4487
2387
2260
2200
1694
3339
4156
2426
1846
1511
1779
2193
1644
4880
2607
1602
1914
2048
1538
1686
3860
1712
2441
2142
2316
1554
2058
3547
2166
1770
2051
2234
2836
3759
1824
1556
1727
2035
2116
2315
3551
1858
1531
1564
1974
1544
1927
1608
4026
1954
2076
2087
1530
1590
1833
3878
1809
1658
2116
2213
2957
1571
3551
2004
1668
2030
2428
2182
1559
4037
1773
2592
2028
2428
1676
1599
4171
1931
1926
1570
2505
1943
4703
1545
2218
1851
2020
1978
2485
5036
1552
1640
2498
2016
1803
4276
2523
2044
1946
1726
1461
1568
3850
2081
1642
2527
2125
2534
2355
4737
1739
2116
2047
2186
2323
4553
1700
2046
2310
2629
3232
5457
1991
2153
1671
1645
1639
4118
2390
2131
2451
1492
1464
1698
4098
1949
1778
1565
2182
2003
2418
3914
2120
1771
1628
2029
1916
2488
4588
1648
1541
1879
1521
1695
1668
2104
3590
1843
2182
2232
1642
1999
1791
4207
1682
2217
1949
2378
1623
1560
3543
1708
1953
1845
3279
1930
2208
4297
1892
1524
2054
1746
1563
2809
4792
1964
1543
2023
1940
2389
4453
1962
2144
2129
1677
1635
2001
4764
1614
2050
2524
2461
1943
3863
1611
1722
1904
1846
2223
2047
4661
1634
1996
2001
2013
2097
1860
4498
2406
1626
1555
2038
1693
1830
3858
1576
2221
2017
2373
1595
1610
4389
2076
1845
2091
2335
2489
1725
4484
1804
1772
1855
1738
2674
1837
4468
1502
1759
1779
1985
1944
1688
4477
2369
1492
1536
1452
1914
1457
1964
4457
2799
1881
2007
1539
1740
2185
4772
1749
1622
2568
1936
2289
3472
1983
1894
1874
1867
1610
2535
4713
1480
1594
1909
1551
1653
1882
4711
1981
2378
1802
1586
1735
1866
3412
1723
1565
2458
1889
2685
1507
4035
1604
1696
2029
1715
3492
2073
3519
1537
1887
1661
2079
1860
2534
5455
4152
1773
2215
2370
4869
2293
2067
2104
1667
1639
4836
1740
1643
3584
2084
2094
4603
1843
1596
1954
1933
1887
2937
3687
1629
1635
1989
1672
2048
1913
1490
3928
2097
1671
1508
1595
1893
1671
2118
4785
2381
2429
1536
1619
1631
4636
2058
1937
2258
2209
2797
3553
2075
2037
2515
2104
1738
2517
4791
1526
1701
2631
1723
2078
1571
4809
1942
1749
1506
