17377
2164
2696
1812
2661
2370
3238
4639
1689
2282
2116
2101
5767
2163
2733
2005
2065
2677
4820
2343
2499
2371
3025
2054
4598
4534
2735
1575
1810
6340
2061
3852
2540
3963
2395
1970
2631
3080
3650
4911
2061
1941
1620
1912
1663
5770
2163
2326
1661
2812
4459
1866
1828
3156
2501
2164
4086
1679
2080
1720
1868
3491
4300
1649
1681
1922
2154
2078
2011
5129
2353
1571
1525
1560
1874
1527
3878
2212
3329
2141
2487
2017
3525
1924
2161
2135
3758
2036
3838
2186
1499
1598
2022
1829
1955
5339
1522
1517
1497
1938
1481
1559
1914
4303
3958
1501
1456
1548
2108
4235
1683
1572
2863
1910
2237
1509
4404
1607
2057
2066
2285
2673
4158
1540
1528
1899
1547
1868
1659
1633
4974
2184
1558
1535
2231
1560
4072
1712
2113
1981
2008
2340
1642
4007
1781
1940
1647
1925
2747
1848
4433
1700
1723
1553
2075
1792
1901
4203
2081
1520
1615
1905
1509
1558
2577
4999
2081
1888
1502
1497
2227
1522
4601
1604
2476
2044
2592
1604
4234
1607
1700
2105
1788
2682
2144
3690
1817
2749
1868
1917
1995
2605
6250
1810
1953
2208
1988
4729
2899
2648
2211
1721
1975
1739
4797
1982
3770
2977
2122
4468
2065
2483
1940
3267
3602
2631
2558
1801
2558
2417
4386
2910
1833
1875
2333
1783
4171
1931
3713
3114
1800
2105
4501
2486
2079
2721
2476
4701
2223
1702
1877
3031
1828
4279
2245
2039
1645
2256
1718
1707
4370
3095
2760
2098
1951
1969
4097
1744
2344
2744
2381
2117
4591
1906
2287
1780
1879
3030
5084
1961
2156
1802
1882
1908
2171
4038
2024
2200
1713
1985
1615
2626
3797
2875
2362
2104
2136
2253
4248
1934
2264
2626
2335
1899
1715
4424
1942
1859
1932
1975
2820
3910
1718
2327
1705
1758
1783
1688
1633
3434
2020
1806
1644
2056
1653
1751
2246
4642
2298
2733
1613
1637
2049
4946
1719
2753
2631
2151
1704
4417
1696
1838
1699
2009
3166
4204
1691
2085
2457
2468
1934
2392
4920
2300
1713
1721
1828
1698
4360
2787
4125
1662
1830
2016
3443
2179
1841
2636
3050
2134
4179
1874
1620
2770
1745
1999
5039
2557
1685
2035
1558
1742
2493
3660
2695
2477
2056
3537
5436
2969
2581
2741
2011
1688
3806
2169
1929
1849
2748
2098
5164
2020
1764
1820
2262
1621
2834
3365
1673
1603
1615
1976
1842
1897
1937
3759
2636
2221
1946
2251
2636
4107
1612
1762
2105
1718
2034
1739
3471
3567
2144
1629
1750
2398
1871
3996
2618
2545
1953
1683
1628
2111
3957
2012
1858
3336
2284
2543
3356
1914
1855
2228
1812
3054
2298
4331
1615
2203
1717
1938
2140
1961
4917
2179
1654
1649
2177
1681
4462
3006
2288
2236
1638
1868
5000
2051
1980
2863
2719
2247
4645
2207
1780
2677
2097
2353
4352
1562
1608
2115
1545
2113
1952
5294
2613
1880
1679
1946
2111
3442
1750
2510
1948
2367
2145
1502
3676
1632
2153
1803
2397
2243
2186
3531
1575
1963
1723
1993
1979
1663
5184
2258
1635
1534
1954
1590
2348
4782
2631
2520
1677
1833
1990
1970
4560
2258
2513
2800
1918
4044
1932
1686
2155
1837
2637
2616
4125
1690
1997
1574
2049
2497
2456
4952
1648
1641
1815
2020
1668
2115
5430
2106
2186
1643
1664
2618
3592
1865
1748
2473
1898
2471
1849
4630
1747
2086
1960
2378
1856
4710
1612
1762
2089
1791
1982
1735
4554
2111
2146
1557
1587
1993
1786
2115
5450
2044
2479
1756
1648
1999
4959
1782
2646
2231
2341
4200
2209
2182
2306
1771
