17220
2405
1962
5324
2511
2119
2390
2016
4302
2583
2917
2766
1809
5898
2674
1832
2863
3312
4127
2418
1737
2598
2384
2543
4687
1790
1758
2378
1879
1848
2930
4833
3249
1806
1776
2264
4037
2211
2242
2169
2948
1877
4518
1882
1887
2166
2085
2614
4735
2815
2727
2120
2313
2899
4798
2403
1947
2023
1753
2667
5679
2296
3058
2095
2104
3782
2751
1898
3549
3099
1733
4770
1877
2567
1787
2516
4237
2428
3078
2186
3330
4915
3679
2062
2203
2420
2105
5674
3027
3195
1868
1962
3798
2781
2443
3298
3780
4891
2294
2098
2966
2657
4618
2563
2038
2192
2569
2337
4239
3182
2814
2054
2148
4691
2775
3934
2974
6400
2536
2045
2219
4372
4528
3234
2540
4300
9811
4454
2926
5232
3231
5033
3357
4227
2593
2949
3341
1833
1904
4705
2186
2893
3041
5935
1884
2270
2206
2233
2514
5082
3270
1943
1981
2229
5212
2461
2548
2486
1857
1806
1779
5101
2064
3450
2867
4500
1757
1767
2631
1794
1791
3251
9518
14585
4176
3530
7930
3864
2524
4782
2361
2383
2443
1741
2535
5266
2395
2148
1921
1886
2097
3879
6223
5448
4459
3406
2631
2432
4252
5140
4066
2849
3826
5542
2641
2269
3255
4959
2044
1846
2480
2055
2178
5956
5068
2441
3920
6199
2543
2726
3487
1817
4604
2342
2667
2698
1873
2009
4972
2770
1974
3048
3616
6703
4778
3264
3732
2517
2159
3071
1955
2417
3697
2393
2462
2307
2353
3291
5198
4208
2861
2130
1928
5092
2467
1884
3959
5668
2904
4284
3434
5084
3054
6173
3463
7547
3405
2192
2065
4863
1710
1856
2406
2400
2098
5330
2868
1978
1878
2427
3979
1912
2824
2000
2321
2466
4130
1912
2151
2340
2543
2330
4887
1900
2214
1779
2691
2240
4194
2516
1832
2145
2302
2129
5152
2955
2712
2134
1744
2365
11332
15505
5557
6060
4490
3451
5543
2713
2456
2273
2690
2270
10445
3893
5071
2811
3560
6430
4547
3423
2616
3001
5212
3373
3043
2770
1892
2222
5222
2287
2106
2255
1909
5015
3715
3001
1901
1737
2464
9820
3338
3027
7305
1745
1827
1775
1911
4160
2161
3384
2346
2113
1919
3975
3001
12033
2752
2968
2077
2735
2072
5388
2340
1821
2601
1898
2235
5501
2112
3076
2598
6150
2591
1952
2585
2471
2415
5717
3420
2539
3388
4660
1816
2188
2045
2491
3302
3879
2429
2061
1708
2210
2092
2343
5854
2323
2537
1849
2175
4178
2361
1755
4978
2354
4856
1850
2552
1889
1977
4526
4381
1922
1963
1733
2162
1907
3671
2865
2759
1740
2105
1739
1997
5707
4389
1852
1689
2093
4423
2669
1924
3422
3275
5332
1859
2064
2116
1906
2897
5095
1725
2299
1905
2306
4630
2771
3047
1795
1742
1951
4595
2019
3719
2808
1892
1859
3489
2216
2800
1773
3208
2831
4432
2214
1820
2622
2169
2619
5424
1817
2313
1757
1742
2591
6174
4786
4727
5530
2029
3121
2925
2299
4531
1983
2446
1937
3098
4910
1767
2232
1786
1905
2723
4724
2884
2978
1835
2355
1907
4796
2587
2240
3131
1723
4896
2312
2226
2690
2397
4180
1701
2017
1738
2083
2319
1870
5930
2335
1997
2399
1951
5115
3026
2438
1974
1865
1768
4359
2289
2027
3795
5268
2075
1881
1717
2490
2183
2591
4862
1716
1712
2681
2387
8068
5334
3317
4884
2418
2885
6099
4838
3169
2363
2828
1953
4561
1874
4454
3091
1847
4538
1944
2167
1985
2799
2785
4906
2436
1751
2379
2530
3343
4924
1791
1909
2278
1966
4937
2939
3238
1736
1722
2111
4321
2050
2272
2606
2461
2103
4455
