16838
2999
2491
3618
2909
2018
2016
3294
2614
4459
2010
1860
2130
2137
1862
4650
2295
2363
3095
2764
2295
4957
2066
2388
2134
2281
2294
5047
2414
1844
2505
2285
4787
2783
2322
2599
1894
1973
4775
2387
2028
3058
2390
3810
2158
2224
1957
2310
1927
4640
2326
1982
2294
1961
2470
3942
3317
2325
2289
1939
2269
3906
2368
2072
2842
2922
1817
3828
2243
2245
2428
2005
2527
4585
2651
2366
1974
3038
2167
5961
2040
2325
2738
2021
4231
2983
3632
1689
1701
2663
4547
2418
2874
2226
2632
4293
2263
2173
2267
2989
2277
3949
1707
1924
2079
2127
2214
1779
4485
2718
1889
1712
2167
2019
1927
5731
1829
2112
2610
1778
2298
4531
1934
3352
2355
1995
1678
4546
1857
2545
1752
3614
4546
1802
2266
1953
1837
2559
1752
3797
2343
2093
1684
2479
2168
2043
5494
2307
2589
1721
1696
5428
2048
2142
2844
2290
2458
3862
2743
2315
2059
2158
2429
4546
1804
1891
2170
1980
2139
1730
4725
3485
1872
1973
1926
2205
3707
3233
2232
2172
2024
1662
5266
2217
2752
3083
2163
4747
2172
1952
2538
1851
3130
4106
2071
1998
3102
3666
1810
5365
2406
1657
1710
2262
1826
3825
1842
2822
2742
2747
1662
3865
3569
2795
2684
2423
4568
3068
2209
2252
1938
3139
4970
1668
1915
2525
2228
2051
3932
2213
2468
1833
1728
2178
2357
4703
2929
2207
2325
2025
3747
1882
2340
1987
3563
2273
4012
2667
3637
2856
3097
5306
4275
4453
6567
3559
4592
3473
5004
2320
2758
2948
2416
3736
1916
2426
2769
3048
5772
3109
2643
1913
2058
6349
2788
1842
2057
2206
2538
6108
2341
2435
1920
1821
5713
2604
3993
4166
5450
2982
3210
3506
4960
4657
2644
2817
3454
5426
4866
3141
6997
3258
4336
6675
3176
3748
3097
5256
3634
4626
3840
10277
2842
6407
3186
4638
4096
11747
5770
3292
2527
2999
2787
4510
4425
2976
3749
4832
2844
4931
3071
5063
3513
2798
3221
6730
3294
5642
8162
4007
2368
2766
4385
2526
5273
3573
4608
2716
2628
3960
2632
4036
2834
2320
3066
2930
5116
3739
2632
2280
3359
6760
3536
2423
2874
3894
2448
3452
3317
2021
4487
2097
2412
2803
2847
3502
4346
2455
2018
2399
2331
3846
3374
1908
2019
2697
2119
3853
3766
3444
1990
2063
4549
2122
2096
2853
2729
3398
4531
2375
2823
2615
5369
2700
2969
2011
3249
2072
5254
2384
2035
2738
1992
4479
2458
3232
2346
1970
2184
3756
2273
2060
2567
2486
2918
3939
2909
2890
2106
1834
2309
3741
1956
1935
3412
2420
2496
3478
2226
2623
2029
2342
3089
4282
2319
2542
2092
2538
2025
3919
2772
1947
2217
2389
2058
4555
3112
3307
1937
1925
2591
5371
2262
2818
3466
2045
5034
2041
2704
2632
6949
3072
2557
2104
2593
4623
2271
3423
1833
2477
2103
5448
3037
2337
2130
1808
5018
2285
1908
2956
2416
2809
5099
2397
2424
1828
3558
4689
2146
2245
2162
2577
1831
5645
2430
2452
2334
2240
4070
2098
3126
3492
1983
2124
4698
2635
2087
3379
3126
4863
2504
2436
4016
4236
3068
2417
2624
2496
2574
5867
2749
1950
1841
2354
4044
1965
2745
2640
2982
2105
5024
2261
2304
2244
2679
4794
1849
2324
2040
2490
2027
5510
2564
1978
1974
2246
2023
5018
2886
2457
2068
1890
2353
4474
2137
2497
2644
2605
1875
3756
2059
2320
2345
1934
2455
5560
1976
2625
2235
1834
2333
5543
2199
2401
3704
2825
5073
2375
3424
1860
1843
5144
2008
2151
3219
2418
4878
2329
2894
2749
