17525
2056
2530
3664
3638
2232
2714
2098
2532
5392
2920
1979
1976
2487
4048
1998
3431
2068
2478
2412
3326
2055
1882
1767
2131
2771
2160
5029
2522
2415
2734
2016
4413
2934
1768
1851
2052
1717
2256
3398
2843
2642
2060
1827
2732
3900
2126
2128
2623
3014
1612
1575
4231
1777
2207
1773
3521
2513
4406
2892
1772
2232
1872
1918
3491
2734
1724
1710
2266
2216
5506
2792
2370
2498
1892
2452
4013
2074
2032
3191
2413
2774
5236
2180
2367
1953
3185
4188
1807
2158
1999
2043
2152
1936
4121
2166
2105
1764
2269
1733
2773
3310
3215
2783
1718
1709
2231
4053
2098
1745
3051
2734
2112
4074
2111
2065
1707
1894
2086
2145
4535
1932
2702
1897
2258
2216
4438
3187
1708
2131
3616
4144
2472
1933
2025
2828
1488
1677
3571
2047
1877
2550
2415
2067
1621
4600
1845
1801
2146
1693
3421
4084
1635
1522
1875
1706
2001
1760
4118
1985
2421
1858
1704
1862
2005
4201
1705
2004
1821
2054
2183
1521
1835
4150
2133
1853
1980
1887
2545
4139
2136
1885
1766
1899
2098
2475
3562
1649
1484
1466
1928
1804
1672
1883
4413
2101
2607
1540
1531
1661
2124
4142
2142
2470
2024
2095
2115
1798
4383
2060
1854
1965
2477
2409
4126
1516
1851
1611
1973
1622
1830
4492
1878
2155
1523
1791
1749
1795
1728
5775
2008
2011
1498
1826
1961
4327
1922
1785
2720
2044
2382
3765
1851
1552
1908
1720
1549
2561
2229
4374
1600
2253
1676
1952
2363
4463
2790
1589
1639
1754
2117
1671
4373
2142
1682
2113
2563
1486
1497
4724
1884
1753
1926
1909
1991
2698
4247
1792
2341
1539
1847
2965
4145
1589
1520
1669
1873
1933
1890
1875
4424
2001
2240
1577
1631
1991
2025
4977
3228
2296
4196
5762
2410
2888
2691
2015
4829
2758
2272
2063
1693
1673
1879
4747
1831
2658
3117
2042
1776
4353
2153
2052
2095
2967
2188
4140
1614
1984
1524
2076
2502
1561
5498
3067
2712
2526
4937
1854
2569
1753
1898
2119
1809
3672
1958
1792
1555
2800
2337
2025
3412
1904
1504
1620
1895
1908
2089
4195
2240
1545
1695
1713
1660
2058
2031
5691
2295
1540
1590
1635
1952
4369
1871
2084
2064
2100
2773
1650
4247
2055
2020
2133
2320
6505
2191
1659
1714
2055
1845
1988
3611
2496
1864
1641
1992
1533
2422
3757
2355
2387
2065
2154
2275
1755
4804
1640
2397
2311
1689
1875
4257
1561
2136
2053
2056
3083
5090
1694
2000
1620
1681
2019
1864
4084
2137
1726
1537
1545
2544
1619
2149
4605
3099
2671
1704
1760
4729
2077
2120
2372
2635
2372
4325
2203
1811
2217
1858
2828
2483
4067
1615
1920
1647
1786
2659
4241
3017
1986
1626
1603
1803
1796
4590
2246
2243
2321
2369
1935
4325
1853
2013
1801
2549
1596
2064
4241
2169
1617
1780
2403
1740
5221
2284
1744
2323
2364
2221
4582
2320
1875
2263
2429
2346
3745
2327
1986
3041
2474
1970
4073
1959
2299
2077
2009
3207
3818
1645
1980
2142
1787
2113
2116
3862
2847
1809
1664
1701
1994
2148
5054
2618
2755
1957
1867
4293
1897
2222
2182
2980
2624
4220
1646
1642
1660
2056
1941
1545
4692
2476
1632
1604
1992
1539
1723
4701
2773
2156
2106
1470
1786
1885
3965
1809
1797
3193
2536
1756
1615
4218
1790
1970
1891
2576
2947
3425
1644
2176
1719
1777
1934
2528
4245
2584
1513
1544
1794
2052
1715
4772
2804
2483
1797
1567
1608
1984
4087
2025
1742
3205
2170
2312
4102
1777
2075
1721
1748
2926
2112
4209
1562
