18609
2985
4770
2834
2860
2600
2313
4499
3242
2149
2796
2222
6689
5425
5272
9263
6716
5555
3131
2770
3024
4765
1981
3039
2506
2451
2294
6085
1980
1974
3217
4347
2643
2434
3001
2509
2000
4734
2430
2595
3087
2640
4924
2461
2326
3016
2803
5301
2352
2461
2404
2741
5402
2690
2494
2140
2993
4272
2317
3637
3191
1975
4742
2932
2963
2631
2623
4713
2869
2303
2992
2311
2483
5535
2641
3026
2312
2666
6062
3014
2037
2384
2326
5843
3237
3618
2114
3948
2293
2933
2550
3002
5095
2060
2676
2255
2548
2205
4344
3167
2038
2636
2221
2698
5755
2565
2769
2186
2715
4971
2155
3189
2529
2208
3837
2109
3027
1970
3773
5282
2198
2423
2161
2858
2009
4096
3017
2114
3045
2878
5044
2575
3388
1934
2156
2847
5004
2108
2955
2835
2403
3815
2115
2600
2202
3328
2611
4962
2626
2409
2539
3312
4963
2024
1843
2316
2351
4326
3842
2579
2216
2197
4460
3000
2087
3273
2212
5046
2453
2125
2996
2408
5057
3206
2366
2704
2285
6083
2546
2956
1799
2195
1892
3873
1991
3561
2655
2880
3754
1908
1847
2320
1923
2646
2246
4207
1763
2710
1941
2162
2128
4076
3115
1687
1664
2134
1780
2144
4942
2112
2491
2112
1774
2117
3967
1791
1793
2447
2078
2127
2944
4481
2029
2134
1756
3853
4246
1836
1947
1871
1927
2171
1673
4796
2412
1637
1893
1969
1832
1921
4077
2657
2315
2068
1639
1688
2081
4837
2049
2300
2087
2672
1614
3824
1822
1945
1913
2360
2800
2188
4325
1673
2481
1715
1602
1640
1756
3982
2281
2388
2815
3835
4202
3156
2458
2280
1833
1893
4356
2274
2027
3443
2237
2197
3852
2684
5444
3234
4438
2694
2336
1946
2607
1995
4363
2869
1832
2165
2148
1742
5291
3263
2198
2225
1700
2053
4732
2552
1817
2686
2720
4614
2558
2087
1769
2539
1875
4497
2302
1741
1748
2165
1866
2036
4432
2216
2935
1814
1768
2171
4925
1919
2579
1992
2663
1768
3500
2264
2099
1878
1928
3176
4860
1744
2069
1814
2024
2167
1846
4619
2197
2614
1803
2216
2674
4014
2636
2107
2180
2382
1734
2155
4790
1839
2916
2207
1988
1944
4614
1951
2478
1803
2866
5172
1751
2180
2037
1833
2704
1761
3805
2949
1750
1762
2574
1719
1855
4669
2422
2943
1769
1656
2036
4070
2139
2722
2110
2105
2360
4525
2561
2286
1916
2069
2391
5567
1826
2128
2079
2283
2464
4704
1838
1772
1778
1837
1909
2580
4657
2755
2787
1808
1876
4461
2643
2026
2010
2695
2375
4102
2126
2148
2580
1818
2487
5456
1842
2205
2280
1950
2873
5003
2579
2012
1778
2116
2211
3646
2134
2832
2144
2348
1958
1747
4382
2155
2148
2880
1921
5146
1770
2360
1943
2277
1915
4747
2621
1850
1780
2169
2412
5349
2566
2476
1949
1983
1969
5026
1935
2013
4024
2120
2789
4364
2294
1928
1836
2276
2384
4136
2098
2138
1936
2250
2379
4628
2372
2528
2144
2350
2211
4350
3033
2688
2323
1848
2552
3655
2050
2179
2856
2712
1962
4107
2166
2200
2187
2339
2433
4625
1787
3436
2445
3113
5273
3845
1683
1719
2056
1757
4744
2952
2169
2312
1825
1736
4049
2236
1970
2014
2367
2237
4058
1985
2049
2205
2173
1863
5185
2316
1981
1883
1963
1714
2422
5292
2382
1868
2080
1885
2166
4558
1981
2718
2566
2482
1791
4826
1987
2661
1979
2736
5086
2234
2466
1961
2301
2255
4631
2954
1832
1844
2576
2016
4814
2640
2745
1847
1715
1753
2399
4615
1818
3046
2228
2285
1805
4608
2342
2099
