27846
6999
1694
1729
2095
1835
1895
8828
6885
22249
2643
2750
2224
5245
1856
2342
3379
3125
11472
5079
4569
2163
2313
1761
2027
1865
4355
6631
4287
2854
4455
2374
2960
1903
1752
3310
4912
1999
3376
3236
2141
4975
2463
2379
2510
2328
4592
2105
2427
1900
2536
1888
4854
2318
1990
1783
2555
2425
5194
2681
2430
2608
1987
2264
3707
1849
2101
3313
2459
1965
4331
2264
2421
1735
2174
3104
3879
1810
1850
2266
1902
2555
1728
4351
2166
2115
1687
2107
1795
1879
4129
3410
2444
2026
1780
2750
5245
2137
3406
2748
2376
5011
2261
1888
2906
6143
2004
1535
1970
1679
2026
1551
4302
3513
2283
1539
1631
1984
4976
2116
2760
1938
2098
1891
3792
1828
1968
1577
1691
2117
2334
3732
1595
1563
1852
1548
2527
1912
4013
1937
1774
1537
1610
1691
1879
1660
3657
2012
2748
2342
1579
1516
2036
3722
2017
1733
2138
2742
2749
4373
2040
1576
1990
1609
1932
1732
5352
2297
1794
2055
1870
2224
5422
1801
2507
1823
1640
2000
2166
4441
2613
2484
2193
2367
1670
4411
1940
1830
1945
3050
2070
4231
1589
1858
2210
1952
1771
2555
4854
1574
1495
1771
1894
1632
4660
3649
1952
2241
1697
1628
4858
1908
1818
5137
1933
1803
4538
1824
1819
1946
2316
2329
4546
1872
1558
1886
1797
2032
2042
1742
4959
1941
1493
1514
2495
1678
3651
1895
2268
1570
2677
2054
1539
3834
1830
1597
1979
1619
2327
1884
4673
1991
2057
1658
1873
1997
2651
3665
2549
1530
1696
1855
2164
1873
5175
1954
1950
1591
1516
1870
1888
4548
1966
2609
1581
2258
2260
2043
4575
1995
1816
2000
3153
2197
4349
1907
1570
1640
1934
2044
4743
2361
1760
1499
1906
1717
2100
4661
2633
2413
1842
1609
1845
4496
1945
2053
3652
2176
2212
3972
2257
2442
1514
2186
3415
4239
1648
1888
2134
2065
2241
5038
2093
3119
2121
3450
5356
2124
2986
1865
2873
2331
4454
2035
2085
2437
1616
2026
4564
1900
1789
1936
1920
1794
2508
4161
2280
2449
2533
2265
2150
4290
2670
2663
1675
2227
1906
4415
2098
3094
3954
2173
4175
2752
3190
1843
2167
2872
4741
2118
2099
2014
2438
2881
4521
1632
1828
2136
1757
2022
5040
2181
2229
2120
1556
1677
4966
1951
1767
3352
2306
2149
4086
2114
1813
2039
2027
3202
4273
1786
1603
2016
1547
2213
2184
4421
2034
2358
1729
1682
2205
1803
3884
1741
2620
1721
2193
2517
2069
4963
1905
1644
3073
2497
4792
2180
1730
2099
1963
1969
2597
3604
2282
1722
2076
1969
1739
1895
4233
1896
2079
2202
1740
2412
1703
4804
2707
1981
2111
2006
1626
3469
2070
1711
1784
1954
2518
2192
3785
1740
1966
1945
2049
1822
2291
4189
2523
1845
2067
1923
2120
2223
5387
2336
1897
2063
1948
2250
4896
1787
2845
2132
2572
2105
4764
2427
1844
2451
3051
4490
1891
2164
1973
2111
2196
5736
2382
1628
1751
2001
1845
1936
4579
2556
2680
1585
1659
2550
4457
2124
1638
2258
1682
2751
1877
3588
2187
1975
1813
2281
2772
5580
2165
1960
2333
1844
2180
5280
3202
1959
1980
1872
2247
4805
2462
2369
1550
1820
2093
4612
1799
1636
3282
2107
2538
4481
1763
1969
1982
1847
3049
4281
1632
1996
1991
2154
1777
2449
3593
2255
2244
2384
2399
2014
4637
1931
2910
2549
2231
1712
3588
2341
1840
2302
3279
2391
4259
2185
1779
2539
1870
2718
4911
1655
1581
1877
2005
2296
3246
5047
2303
2645
1635
2022
2212
4630
2763
2383
2504
1945
