19588
14088
13283
11575
11671
11245
11428
11023
11597
11287
12127
11013
11009
11439
11038
11445
11881
12095
10966
11192
11113
11027
11194
10951
11091
11286
10849
10984
11205
10918
10873
11295
11954
12761
12182
10884
10942
11037
11091
11621
13960
12663
11021
12089
12653
11631
12279
13074
11642
10721
10649
10933
10749
10774
10843
11827
10852
12006
12438
10972
11202
10816
11553
11040
10774
10859
11407
10965
10547
11113
10851
10772
12095
11437
10902
11047
10672
10782
11148
10741
10803
10974
10940
10947
12059
10889
10761
10918
10651
10913
10837
10880
10834
11169
10931
10986
11193
11051
11057
11130
11201
10723
11618
10923
10800
11088
10846
10922
10953
10923
13646
11220
10767
10611
10977
10732
10806
10648
10731
10632
11043
10949
11010
11012
10836
10670
11936
10775
10705
11032
10755
10750
12076
11020
10483
10901
10696
10507
10623
10751
10658
10685
10899
10821
10706
10824
10802
10777
11001
10716
10628
11136
10669
11115
11383
11027
10605
11155
10629
10686
10870
10710
10722
10800
10660
10606
10970
10828
10649
10815
10607
10600
10748
10871
10624
10570
11052
10857
10612
10914
10928
10662
11152
10737
10731
11099
11054
10799
11279
10777
10810
10949
10760
10952
11332
10774
10774
10966
10678
10832
10880
10792
10739
13089
10901
11254
11043
10824
10601
10964
11075
10674
11413
10978
10766
10992
10820
10697
10919
10980
10845
11159
10840
10884
11636
10716
10606
10820
11004
10583
10678
10859
10825
10817
10765
10804
10756
11002
10632
10756
10880
10650
10883
11217
10814
11482
11173
10780
10934
10853
10706
10689
10729
10767
10856
10989
10855
10773
10945
10711
10765
10955
10693
10694
10948
10807
10626
11072
10795
16193
10960
10671
10603
10814
10764
10876
11315
11071
10827
11037
10875
10957
10901
10889
10773
11788
11497
10661
11060
10746
10740
11166
10870
10839
11068
10809
10785
11232
10830
10726
10861
10747
10655
11246
10690
10834
11001
10865
11006
10947
10876
10753
10669
11102
10787
10727
11431
10654
10687
11263
10581
10673
10910
10601
10702
11020
10653
10521
10825
10663
10847
10947
10710
10600
11013
10873
10594
11771
10838
10644
11096
11043
11019
10761
10951
10702
10747
10778
10617
10913
10626
10651
10672
11094
10944
10746
10883
10618
10726
10891
10764
10648
12124
10874
10756
10901
10819
10637
10989
11221
10616
11094
10736
10753
11020
10987
10890
11418
10791
10693
11105
13546
11014
11439
11025
10896
10951
10805
10811
11075
10743
10588
10911
10906
10795
11241
11035
10750
11071
10839
10612
10975
10880
10533
10946
10874
10881
12172
10582
10563
10848
10800
10454
10689
10785
10704
10671
10891
10823
10761
10845
10576
10731
10926
10631
10613
11227
10691
10803
16123
10895
11142
10897
10569
10901
10979
10794
10871
10848
10723
10749
10926
10583
10673
10801
10721
10801
10955
10774
10836
10942
10743
10588
10813
11590
10598
10797
10766
10924
10872
10869
10854
11322
10689
11326
11250
10866
10702
11339
10901
11006
11320
11916
11266
10932
10998
10740
11095
10799
10868
10986
13151
10989
10994
10779
12475
11520
10759
10778
11012
10763
10841
11099
10752
10727
11285
10990
10941
11490
10749
10584
10846
10729
10873
10765
10828
10821
10961
11105
10623
10903
10752
10717
10914
10775
10683
10875
11096
11103
13883
11487
10942
11156
10973
10906
11513
14024
11175
10859
10802
10695
11037
10795
10800
11025
10654
10580
11164
10804
10536
10974
10831
10598
10945
10826
10759
12932
10970
10773
11139
10891
10942
10946
11124
11082
10972
11062
10974
11013
11331
10988
10893
11112
10831
10925
11142
10746
11089
11207
10732
10921
11286
10637
10917
11153
10818
10976
11018
10900
10610
10971
10726
10853
11100
11127
10936
11011
10782
10718
11818
11133
10729
11003
11101
10977
11066
10717
10901
11066
10803
