3806
8656
8713
6629
9183
4623
8432
874
3395
2307
3985
8483
7480
9131
7039
8205
4559
6854
6618
9553
7217
5761
6713
540
5596
8876
774
2988
4651
1435
3236
9220
2564
7238
4363
9341
5387
1613
8644
4890
6820
204
8352
5478
5110
87
6322
7580
8330
2914
3341
3170
5859
6432
5352
1586
9511
8710
6623
8262
5099
2394
1347
1296
8286
5565
8481
6868
4700
2531
2751
9795
8962
1243
5859
1397
6017
5583
1934
3089
5227
6602
7349
3628
1291
2640
5841
60
6817
4431
1756
8599
3451
3072
5788
9021
7231
1162
2141
5231
6596
2979
1734
8138
193
7652
5165
1492
3709
8120
1462
2818
7622
9456
1318
1315
7597
3654
8871
7837
8414
396
4132
1298
7757
8481
6484
190
1004
6223
4035
1456
9305
5844
9484
3234
6708
6826
6963
8983
6606
3525
1246
5425
7886
5433
2404
4556
4173
8662
9886
7402
7041
7185
3994
7515
4502
2112
1390
5192
9576
1761
73
2845
8494
7239
6773
9841
768
2578
9289
4579
4009
2603
8683
2290
9335
9929
8610
1785
2271
4594
8522
7798
6190
8946
1921
9494
5626
1617
7534
1246
9512
7716
3729
9208
5366
5378
1621
6440
1848
8689
9042
9770
4224
3661
976
3963
22
3796
2102
8560
8471
6833
7376
8646
8010
8546
4686
5575
510
7352
9417
9286
7711
4508
3312
6391
6247
2152
977
8270
5937
233
9524
578
6808
5167
1473
4622
126
6062
5058
9332
1114
836
2738
2286
3097
5191
3573
7122
6628
7370
1313
2465
4258
4332
5386
4653
9684
8446
4204
9381
1150
4639
1473
5198
5206
358
5154
9215
5589
6362
8826
7833
8250
5713
7367
3857
1982
660
8057
524
4226
8795
2477
9078
2420
8234
643
2798
9633
9591
2346
3554
3380
9575
1886
1970
8908
1845
9000
4020
9116
1486
9268
9523
9500
604
752
2212
1213
8828
8992
4760
4122
1182
1646
6279
5050
3049
9582
6223
6161
3608
1216
1544
2726
437
2687
3955
6960
4528
9750
7983
6489
6093
1746
1703
1189
7463
9539
7003
8427
7588
5388
2154
5074
6263
5402
2681
6375
5068
8753
9890
9402
404
2833
5292
4553
3037
7303
7603
7332
4988
3712
324
5648
4026
553
2856
4567
5849
2739
2010
1068
9457
6242
2118
1564
6971
6644
6351
5600
9801
6798
637
9391
1999
1633
4002
4976
4003
6028
1560
1294
9997
1259
3384
1204
8266
9741
7081
9895
9507
9796
3828
6931
933
6774
3360
8318
13
8800
2622
488
3170
2953
1699
4436
8302
5380
1773
5440
842
4816
4148
6352
5158
2554
2671
7962
6066
7442
464
1978
9435
1691
6669
9173
2309
4299
4620
2666
9617
9346
4474
868
3148
760
4680
1853
6613
1791
6034
1853
5256
1112
989
3248
3611
2433
8509
805
2724
7132
9696
4130
3461
7594
8059
7605
5
278
1167
8918
2124
687
7318
360
8491
6925
9280
2638
7494
9861
357
3626
9759
8391
358
8944
3920
8277
9477
6426
8661
8734
9117
901
9459
9032
4288
7416
3817
4827
6171
3412
8098
9530
1896
8023
5075
3645
1407
6619
8151
8666
1721
3627
7557
6099
6916
8950
1674
808
1916
6700
665
4781
828
5701
3212
9718
3936
2161
1157
4574
9606
9818
4341
1863
8737
6342
8392
9724
682
6264
9340
6403
8515
9926
6540
62
1289
6581
7565
6944
4870
1328
6436
8301
6047
7064
7313
8314
8577
8773
8221
2163
259
395
2491
2651
744
4664
2830
1374
1043
841
4375
1363
8391
8444
9369
1821
6266
5328
4588
5441
4870
233
5065
2113
4012
7104
3784
7671
8709
3319
2484
6269
8918
1274
4936
7609
159
8977
1577
9239
7104
8290
2623
5038
4152
1875
3088
9508
8844
6157
5371
8365
497
4284
7166
2559
8470
5907
309
8065
9584
2172
9552
8801
6435
2765
9887
2405
4474
5254
2492
1450
1716
1223
2245
8920
7739
6799
8469
3047
7938
8031
511
1722
3258
5901
7414
1929
897
4
8539
4092
9688
4184
3091
5315
3903
7319
8372
2996
9439
2779
829
7372
2931
6860
271
5318
4004
2595
8892
9017
7008
9722
1499
6363
9190
558
1204
7092
4833
5702
1438
5549
4383
1790
5475
2615
5004
636
7676
7032
3824
6579
8046
4673
2177
6630
33
3627
4342
7620
6249
8079
5178
5665
3715
3588
6649
7366
5486
9651
6122
2991
7155
6567
457
4882
5154
3217
4944
2320
6698
3703
9409
2547
3829
8028
7363
647
4158
6027
3894
693
7200
301
8676
522
7788
2794
5895
2295
182
7708
6977
4290
4765
4143
8668
7385
8389
7812
1678
6966
3171
7349
9080
4238
7716
1155
715
4436
3994
7003
3064
7275
9284
8327
6179
4952
1833
1104
3795
6966
8257
7265
4057
5538
3712
5863
2458
6471
7712
261
7242
212
1034
9508
5671
1673
4064
3176
7087
4305
7290
2973
6255
6361
1035
9520
9066
5503
4767
5994
3154
9014
963
3479
6853
4021
4305
7029
7511
6367
151
3976
5032
3325
1427
5690
1506
5335
6621
4672
2402
4963
9601
5879
336
4772
4519
8653
9228
435
8737
8957
807
843
9024
9794
5499
2990
5556
9676
7480
2101
5022
1905
3661
9237
8435
9626
7055
4877
5359
6302
2568
2012
5843
2285
2207
5807
3902
7682
9903
8584
5331
7564
3863
6314
8876
8678
9694
1265
6651
4641
6897
8655
5001
6963
5691
1712
5741
4953
144
5855
2234
7928
773
5057
5445
8321
3391
7999
9010
7011
4182
5106
8202
7755
8486
1223
8619
2006
3539
9634
492
5527
9318
4638
5003
1475
9432
2994
1558
2618
649
7392
9074
2192
7005
9207
3179
4617
3605
3768
9512
7492
9126
6741
4874
2638
3991
901
8081
4935
6076
4933
8971
1122
3594
9625
7050
5301
7367
1199
945
4769
463
708
6155
2251
5957
6240
9943
2473
5124
1693
9636
7560
9441
1941
4965
6106
5024
5129
6706
6717
2079
4574
2075
7142
1730
4113
7529
4733
5884
9707
2754
5314
1382
4928
5864
5725
8096
2546
1936
5683
6945
