468
268
325
275
269
371
351
280
272
267
268
272
267
266
268
267
266
271
266
268
412
220
223
220
220
219
247
234
219
293
226
221
222
221
221
222
220
220
221
240
272
325
221
258
221
304
220
220
220
220
220
260
221
220
220
221
221
220
221
222
259
222
257
229
220
219
219
219
219
220
219
277
222
220
220
219
244
237
220
220
220
223
265
221
220
255
219
258
219
223
221
220
219
221
218
222
219
219
221
221
219
219
256
264
220
220
221
218
219
218
218
221
217
219
283
219
220
219
219
247
233
220
219
221
261
219
220
217
391
246
254
248
220
219
220
249
219
219
220
219
222
221
220
219
222
281
221
222
220
220
220
219
220
255
218
218
281
221
219
219
219
221
219
219
219
221
262
219
221
219
221
220
241
219
221
218
218
219
236
418
221
219
221
220
220
220
221
277
220
219
229
220
219
218
219
258
219
219
283
222
248
239
220
297
262
253
220
226
301
218
219
248
220
247
219
220
247
219
220
220
219
220
220
221
219
219
219
221
251
266
219
218
219
218
218
218
218
218
218
219
246
275
245
219
218
219
220
245
217
219
260
218
219
233
230
218
272
219
217
221
219
219
249
220
221
247
222
224
266
264
221
270
221
221
221
222
220
220
221
248
220
221
278
225
222
221
221
222
221
220
236
227
284
220
220
235
231
219
275
223
220
220
221
220
247
219
248
219
220
219
220
220
220
262
220
221
220
324
222
220
249
248
219
220
313
221
221
221
220
330
221
247
221
221
292
221
220
325
221
289
220
221
220
220
220
222
219
219
220
285
237
222
219
221
220
284
221
222
220
220
224
220
220
220
220
218
295
221
219
219
249
221
221
219
220
249
281
220
220
221
221
219
285
220
219
219
220
219
218
218
218
218
219
218
220
218
263
338
220
219
252
218
219
218
219
218
219
220
277
220
220
219
221
219
248
220
222
221
267
221
219
248
219
218
246
222
219
218
219
219
219
219
219
218
220
219
217
219
218
260
219
219
218
229
219
218
218
255
218
219
219
293
223
221
220
219
249
219
219
220
615
222
343
235
291
262
256
348
223
254
221
259
277
251
222
221
222
223
220
252
276
224
220
219
219
220
220
219
220
220
289
221
222
219
321
223
220
220
222
219
219
284
222
220
220
221
253
220
220
219
221
220
219
220
218
219
219
219
218
219
219
218
264
219
218
219
218
218
268
427
249
297
258
229
226
227
224
225
224
230
250
237
221
331
221
222
221
330
222
221
221
265
234
224
220
237
238
222
222
223
251
221
222
224
362
221
221
220
255
220
219
220
277
220
220
219
248
220
220
247
221
219
219
221
219
308
219
220
294
232
219
222
219
384
268
221
222
220
219
219
